"region","name","alpha_D","beta1","beta10","beta11","beta12","beta13","beta14","beta15","beta16","beta17","beta18","beta19","beta2","beta20","beta21","beta22","beta23","beta24","beta25","beta26","beta27","beta28","beta29","beta3","beta30","beta31","beta32","beta33","beta34","beta35","beta36","beta37","beta38","beta39","beta4","beta40","beta41","beta42","beta43","beta44","beta45","beta46","beta47","beta48","beta5","beta6","beta7","beta8","beta9","p_G_D","start_date"
"kabwe","alpha_D",0.000285950434136459,1.57524552810419e-05,-1.65699893757585e-05,-3.71699648112077e-05,-6.36349438308451e-06,6.3890493535367e-05,-6.96202438112853e-05,3.10614172038913e-05,-8.3088089740444e-06,1.85057286282295e-05,-3.46123326306139e-06,-4.91469030363424e-05,-0.000158459568566315,4.64111151383138e-05,-2.15724243720173e-05,2.50965652637685e-05,-1.35179068368893e-05,2.73106011154599e-05,-5.24484626896915e-05,4.88395561771231e-05,-6.66016590544722e-05,0.000111611126741165,-0.000127986450097418,-1.99378127602752e-05,2.79196534783745e-05,1.62323877607259e-07,8.45363266191304e-05,-0.000114033613139182,8.01281185125776e-05,1.51674144177292e-05,-4.94295116554745e-05,4.43206713562932e-05,-5.48006992217285e-05,7.98769369611338e-05,-6.94149892621794e-06,-4.50458459013805e-05,7.60905131501701e-06,-9.75828166410965e-05,0.000177265393192592,-0.000100189844717402,4.66644229225784e-05,7.31497897869823e-06,-2.19169987484845e-06,-0.000141986654234838,-6.12571766129869e-05,8.76015193316622e-06,4.05266380043147e-05,-4.25387971522652e-06,9.50324596903138e-07,0.000117990708341633,-0.035662146556279
"kabwe","beta1",1.57524552810419e-05,9.51703434859209e-05,-2.4470069853741e-05,-1.73044858169281e-06,1.15090382455183e-06,-1.55648972334458e-07,3.15487621788423e-05,-1.74545982420194e-05,2.31525101493755e-05,-5.32980315680208e-05,7.49403521700106e-06,5.11851838823688e-07,-0.000129642659640863,-4.08703100668852e-06,-1.3989093457363e-05,-3.08598910017565e-07,1.41252415487012e-05,2.59138185779572e-06,-2.0427515202994e-05,-7.03487705285878e-06,7.68859514308022e-07,5.80545780165602e-05,-7.89814886050992e-05,-7.23552557157828e-05,3.11788434825261e-06,1.64245077595169e-05,-8.68391469196586e-06,-8.43916040107642e-06,6.19171770226802e-07,-2.26801695154339e-05,5.21213891112322e-06,-3.79728138884064e-05,1.10645441106151e-05,2.27556648665478e-05,1.73195811052691e-05,-2.13664521295561e-05,-5.92259374745957e-06,-5.58598497453182e-05,-1.27300546975724e-05,2.54803625510662e-05,-5.08842939428352e-05,1.96254524027594e-05,-1.31628000820398e-05,-9.40554837298695e-05,1.79775519684575e-05,2.97333060982999e-06,-3.30719730878643e-05,-2.95204173835804e-05,6.00120762415273e-05,8.50041379368108e-05,-0.020712176578594
"kabwe","beta10",-1.65699893757585e-05,-2.4470069853741e-05,0.000196131112602783,-9.54344561860655e-05,5.4580448953251e-06,4.8280551907594e-05,-0.000129388729178078,4.44112473089807e-05,2.82605205619922e-05,1.33111676466555e-05,-1.60900704740257e-05,2.05131522485037e-06,-5.11460117496728e-05,-8.73488959634891e-06,1.89397043210397e-05,-1.42114995674472e-05,9.10633697748602e-07,1.58344341426521e-05,-3.05012666113418e-05,4.70019531490759e-05,-2.41704490413301e-05,-1.03314988831399e-05,-6.88145170447682e-06,-1.18197369163909e-05,-1.83422981269068e-06,-1.09698079248363e-05,4.1486275372819e-05,-6.75209334882909e-05,7.78671037146079e-05,-5.79022107754996e-05,2.43101786244027e-05,3.10768418706417e-05,-1.31243482125734e-05,-8.11177288684525e-05,-6.79301821414997e-05,0.00014387287784855,-6.43730613174891e-05,5.16083414173808e-05,-5.73791053684905e-05,3.78291463583829e-05,2.21197690080158e-05,-4.98477328351313e-05,8.94837849888646e-05,-1.81853163890142e-05,2.6744319358245e-05,-2.51492357584299e-05,6.34954273322075e-05,2.20169421238451e-06,-0.000124187275269608,-9.13137101753735e-06,-0.0205206525924012
"kabwe","beta11",-3.71699648112077e-05,-1.73044858169281e-06,-9.54344561860655e-05,0.000137137670999299,-5.79973830564249e-05,-5.45675795378609e-05,8.05761876459202e-05,1.53910490884354e-05,-5.28741155251071e-05,-1.60086362585809e-05,3.96934628092369e-05,-1.39622498940541e-06,0.000110629717478387,-5.20386767877257e-06,1.35086755180315e-06,7.79293188839052e-07,5.73981395047632e-06,-2.51601672337248e-05,3.76579423829321e-05,-3.72717899549023e-05,3.12106379852489e-05,-1.25887709753476e-05,3.33480245644719e-05,0.000124104193988303,-1.65874334692703e-05,8.56730047492348e-06,-3.89442298227444e-05,5.04669559075428e-05,-2.14906753278194e-05,4.31406780596853e-07,1.82847133841809e-05,-5.8005747646268e-05,3.6408181296095e-05,1.68780392384348e-05,3.7282079727196e-05,-7.75417733992579e-05,2.14678672090653e-05,2.53333527985845e-05,-7.38156666200215e-05,8.23649716279826e-05,-5.43390215249893e-05,7.62487253632155e-06,-3.54677631697791e-05,3.87006439409234e-05,-2.64846852668697e-06,2.48441377518705e-06,-5.89789362223915e-05,2.9113180859151e-05,2.5150788756052e-05,-5.20924036038518e-05,0.0480944488560462
"kabwe","beta12",-6.36349438308451e-06,1.15090382455183e-06,5.4580448953251e-06,-5.79973830564249e-05,9.3478651064898e-05,-2.21579095824942e-05,-4.45601920900671e-05,-2.84928310863954e-05,4.75284032674189e-05,2.94257704386436e-07,-2.12471482798674e-05,1.77474540644005e-05,-5.45474740369402e-05,-5.02080864464601e-06,4.71678783483723e-07,-8.56789641296279e-07,-9.91126783994008e-06,1.0916106966658e-05,1.71632958769098e-07,-9.89524189152391e-07,-3.53063562033892e-06,5.11478755565496e-06,-1.8828315709815e-05,-6.94592058052116e-05,8.2132093540516e-06,-2.4325645603825e-06,2.29002078286593e-05,-2.35688057852506e-05,1.22607082405629e-05,1.0718717159899e-05,-2.01635469169559e-05,5.82725320276281e-05,-1.89165505280639e-05,-2.52177505504318e-06,6.55222438813272e-06,1.94930289653e-05,4.10899592000526e-05,-3.59156296321119e-05,8.88890062692183e-05,-7.08488509426543e-05,3.40441875601367e-05,4.94441152079731e-05,-4.58298260140989e-05,8.06867130860157e-05,2.06505610780042e-06,2.53980054123948e-05,1.41129898228843e-05,-3.79516444842558e-06,-1.17119300300556e-06,-4.97756056977462e-05,-0.0177100537486129
"kabwe","beta13",6.3890493535367e-05,-1.55648972334458e-07,4.8280551907594e-05,-5.45675795378609e-05,-2.21579095824942e-05,0.000122087079879208,-9.22847170849816e-05,-2.76349163697609e-05,4.70199933652688e-05,2.20182051714847e-05,-3.68240528221423e-05,-1.99878112258042e-05,-0.000131032056995561,1.2494057931912e-05,9.13521913279407e-06,-1.95534157254108e-05,2.99045125642954e-05,-2.16480048117178e-06,-2.54675316571099e-05,2.3400963805406e-05,-2.54090262460521e-05,4.59003022919214e-05,-6.68042440536103e-05,-5.31074019029614e-06,4.78689384064042e-05,-4.35654834507331e-05,5.67540817805096e-05,-5.86357719817458e-05,3.81973861736573e-05,-1.24523941089595e-05,-1.70833612840074e-05,4.66948607376055e-05,-4.17446706022434e-05,2.09142842197727e-05,-6.07762614228874e-05,1.54216638044802e-05,-9.81753464239186e-06,-4.53652962840366e-05,4.87228622115598e-05,-1.36134457374501e-05,4.14099674843237e-05,-1.28571240019955e-05,-5.01725754990488e-06,-6.17284134978733e-05,-3.0671431635843e-05,-1.2784333428443e-05,7.66373363088334e-05,-5.50570895531215e-05,-5.12850542455375e-06,5.19246314342555e-05,-0.0412421306926581
"kabwe","beta14",-6.96202438112853e-05,3.15487621788423e-05,-0.000129388729178078,8.05761876459202e-05,-4.45601920900671e-05,-9.22847170849816e-05,0.000302494678786227,-7.755330608575e-05,-7.59407243048437e-05,-2.7504933289858e-05,3.09974564584701e-06,1.96623636686262e-05,0.000217962550221046,1.29846242968698e-05,-4.51084727798486e-05,3.86052145151215e-05,-2.25116383024781e-05,-4.75307273698298e-06,2.66595605328587e-05,-5.10363330778134e-05,6.30042721911089e-05,-5.8610597451413e-05,6.55785282179979e-05,-1.20186675594973e-05,-4.40894293149407e-06,-3.96027212137172e-06,-9.06320987853573e-05,0.000158643622662762,-0.000183200805676828,6.81503740807756e-05,-1.97065836692571e-05,-9.36972929912883e-05,6.19356270848554e-05,1.35927048126854e-06,3.05136715453401e-06,-0.000114564817866955,-5.01731465071208e-05,2.92166928032535e-05,-5.45857536711925e-05,-1.98828805779646e-05,-0.00011391208339744,2.3541875079342e-06,-2.25991678514203e-05,-5.61266350192225e-05,3.76527689698297e-05,-2.0763384641288e-06,-0.000148431282011347,4.59756480187058e-05,8.30297202770186e-05,0.00021104259123946,0.032980433420891
"kabwe","beta15",3.10614172038913e-05,-1.74545982420194e-05,4.44112473089807e-05,1.53910490884354e-05,-2.84928310863954e-05,-2.76349163697609e-05,-7.755330608575e-05,0.000169457179855892,-9.33665110429522e-05,-2.46098485637567e-05,9.3356574342019e-05,-3.0132706509457e-05,3.09375359141745e-05,-1.26750813192015e-05,2.06132920149823e-05,2.28242315820293e-06,-7.97735268360358e-06,1.81457585238535e-06,-2.77387043342323e-06,2.89812819787163e-05,-3.40663918974312e-05,1.08629087014602e-05,-9.42193366709309e-06,6.48650009738337e-05,-2.76645422287041e-05,6.6583386794527e-05,-2.82955816477636e-06,-5.86897848895589e-05,0.000100662044259877,-4.21495604348669e-05,3.96186598654789e-05,-4.89923172144758e-05,2.97395455174518e-05,1.72563236972377e-05,5.80062095148877e-05,3.46271002139773e-05,8.6348629316116e-06,2.89179486729702e-05,-7.54442032410137e-05,9.72567605142964e-05,1.31894461589473e-05,-3.52331786921351e-05,8.20875341027428e-05,-1.83702909275974e-05,-1.64644096206805e-05,-1.02188053306777e-05,2.42731775557106e-05,2.31526589147705e-05,-4.5207458771834e-05,-0.000102110061884222,0.031404798685702
"kabwe","beta16",-8.3088089740444e-06,2.31525101493755e-05,2.82605205619922e-05,-5.28741155251071e-05,4.75284032674189e-05,4.70199933652688e-05,-7.59407243048437e-05,-9.33665110429522e-05,0.00016217411027587,-1.50684937167012e-05,-0.000111565348186247,5.32376621783511e-05,-0.000170703069850035,-2.43938187099042e-05,1.89938455306079e-05,-2.64538999519674e-05,1.10516186562639e-05,1.59126116742131e-05,-1.96684725364833e-05,-7.73461182489259e-06,2.72368032718854e-06,1.57809528589496e-06,1.8069785762219e-05,-8.63834232007475e-05,-4.59733480716875e-06,-3.98573414251781e-05,2.15235986068482e-05,-3.51500725879755e-06,-9.97532045877131e-06,2.3547671994724e-06,-1.68117866878699e-05,6.57807897116468e-05,-9.77355936822181e-06,-3.77641403211926e-05,-1.82862683812693e-05,5.33001617710829e-06,6.25193293408547e-05,-2.52199756128643e-05,4.15162551918834e-05,-2.62546147326203e-05,1.4687089196019e-05,5.05300467586959e-05,-5.1717317372905e-05,7.15588953078443e-05,1.53755081419174e-05,4.80582197162468e-06,5.7301008874812e-05,-4.60263917027753e-05,1.87257652116711e-06,-7.76767367880977e-05,-0.0423128834499077
"kabwe","beta17",1.85057286282295e-05,-5.32980315680208e-05,1.33111676466555e-05,-1.60086362585809e-05,2.94257704386436e-07,2.20182051714847e-05,-2.7504933289858e-05,-2.46098485637567e-05,-1.50684937167012e-05,0.000178923775069121,-0.000115255837754287,1.2116642557322e-06,0.000124066678636236,2.39408986571333e-05,-3.84046594197176e-06,9.27899338089741e-06,-1.02566294660845e-05,-1.30725426064833e-05,1.4230625138203e-05,9.03599869346948e-06,6.66459802790535e-06,-4.02114029245544e-05,6.54545764013836e-05,7.14472006282548e-06,-3.30064280068677e-05,-1.06164195686426e-05,1.76340430682432e-05,5.70042077301026e-06,-5.75064380805755e-05,5.66224806705699e-05,-3.38266753664383e-05,4.55430767371417e-05,-2.60340961341801e-05,-6.86841115155261e-05,-0.000102751827513814,5.48919689194964e-05,-6.02869866214872e-05,5.53034711098603e-05,2.974113675618e-05,-7.52414207818583e-05,5.25267611933454e-06,1.89144646073668e-05,-2.4547414525052e-05,-1.92961203116851e-05,-5.35374464662089e-06,-2.66322859268354e-05,5.55367108364521e-05,2.12872559871098e-06,-2.91039008412962e-05,6.40865049125315e-05,-0.00666651842220751
"kabwe","beta18",-3.46123326306139e-06,7.49403521700106e-06,-1.60900704740257e-05,3.96934628092369e-05,-2.12471482798674e-05,-3.68240528221423e-05,3.09974564584701e-06,9.3356574342019e-05,-0.000111565348186247,-0.000115255837754287,0.000300059647825364,-0.000142804860810408,-5.86423354318308e-05,3.18948985346209e-05,-1.56357728065006e-05,9.86462018187047e-06,1.54519735440928e-05,-9.43913469690661e-06,-1.34581713952566e-05,3.14302227627592e-05,-3.75413636342761e-05,5.86195195797897e-05,-0.000118901734146124,4.53453923290123e-05,7.04036684227249e-05,2.7059021846067e-05,-1.32128635706529e-05,-4.33494627925867e-05,0.000110156618719885,-8.40055371370404e-05,6.48007576301355e-05,-6.72212574433174e-05,-6.68560275318361e-05,0.000136279666878615,9.72969562953549e-05,1.32333775927473e-05,-5.35036968071019e-05,-5.87281998313799e-05,9.36752685074949e-06,1.9181875357403e-05,6.77461041037393e-05,-0.000155504697399391,0.000118171811158881,-6.83367408875438e-05,-2.55158658024489e-05,3.16492447728174e-05,-6.66305872606161e-05,8.41772071042999e-06,2.74486985119281e-05,-9.25160206491573e-06,0.01569911145666
"kabwe","beta19",-4.91469030363424e-05,5.11851838823688e-07,2.05131522485037e-06,-1.39622498940541e-06,1.77474540644005e-05,-1.99878112258042e-05,1.96623636686262e-05,-3.0132706509457e-05,5.32376621783511e-05,1.2116642557322e-06,-0.000142804860810408,0.000155531271705644,7.2360851512368e-05,-8.45162271190351e-05,3.20079502113779e-05,-1.0023276168072e-05,-1.54189210752985e-05,5.8121771129074e-06,3.18852683526431e-05,-3.90116194881272e-05,3.42616746809232e-05,-4.29469751160926e-05,0.000113742324240244,-1.94536071442605e-05,-0.000103307487567002,5.68033550809476e-05,-4.09285681319864e-05,4.35972765703285e-05,-4.26771357208009e-05,3.56836461407821e-05,7.04518425010565e-06,5.35919271324073e-06,8.94627037058676e-05,-8.54240104152783e-05,4.61178578353255e-05,-6.20652403969032e-06,4.81853669462727e-05,0.000106578641707834,-4.78367435444725e-05,2.3422167281683e-05,-1.97306015487694e-05,0.000103283142571192,-6.49297913424818e-05,0.000128827608043698,2.77668852709412e-06,3.13057019119154e-06,-6.28942827824074e-06,2.5502146365445e-05,-2.25876530273302e-05,-0.000101667473648556,0.0178531739766473
"kabwe","beta2",-0.000158459568566315,-0.000129642659640863,-5.11460117496728e-05,0.000110629717478387,-5.45474740369402e-05,-0.000131032056995561,0.000217962550221046,3.09375359141745e-05,-0.000170703069850035,0.000124066678636236,-5.86423354318308e-05,7.2360851512368e-05,0.00110251565664667,1.60627011246153e-05,-2.85802076217912e-05,7.31127845801543e-05,-0.000147589857332078,4.11430427775471e-05,8.48841043420524e-05,-4.01120368813346e-05,8.55702613807634e-05,-0.000211119514661239,0.000331511955224247,0.000140575822477705,-0.000228367136775404,0.000115533604572981,-9.13786236432698e-05,0.000167121017121299,-0.000171414228243031,9.91217748546288e-05,2.75196518219698e-05,-7.47755376473924e-05,0.000193264026132829,-0.000293311311554294,2.74622531226651e-06,4.08583580923099e-05,7.155719816035e-05,0.000118332871060542,-5.90272601079399e-05,-5.35750153945066e-05,7.31663663717421e-06,-2.25199219530682e-05,3.67311523901481e-05,0.000116242654037961,0.000101858695779873,-8.98028060732081e-05,-0.00013218642848126,0.000240092309031529,-0.000163013677876535,-5.42318164691298e-05,0.203615277629947
"kabwe","beta20",4.64111151383138e-05,-4.08703100668852e-06,-8.73488959634891e-06,-5.20386767877257e-06,-5.02080864464601e-06,1.2494057931912e-05,1.29846242968698e-05,-1.26750813192015e-05,-2.43938187099042e-05,2.39408986571333e-05,3.18948985346209e-05,-8.45162271190351e-05,1.60627011246153e-05,9.56278866658104e-05,-6.11814792680797e-05,2.69579104190358e-05,-1.18303247030708e-05,1.01985494086174e-05,-2.19948059303691e-05,1.93183752037254e-05,-9.13691196506047e-06,3.24314887905689e-06,-3.67877148382795e-05,8.6942924128741e-06,4.12821174892864e-05,-4.40270790641415e-05,3.88874642146202e-05,-1.88818779044028e-05,3.67000835934849e-06,-8.44174535164399e-06,-2.56121176975393e-05,1.67930485953142e-05,-3.9847728083597e-05,-1.03323686033932e-06,-5.71008256733979e-05,1.51463080498307e-05,-7.45016592597841e-06,-9.1030097489125e-05,4.52395425893191e-05,-3.43253253874792e-05,-1.94566097338471e-05,-2.46647630987798e-05,2.90426739734025e-05,-9.9305134166489e-05,2.20848865954582e-05,-1.23625206726688e-05,-2.06659312627848e-05,1.45052204044055e-05,2.21815044064691e-06,0.000111146505096778,-0.00626986503775896
"kabwe","beta21",-2.15724243720173e-05,-1.3989093457363e-05,1.89397043210397e-05,1.35086755180315e-06,4.71678783483723e-07,9.13521913279407e-06,-4.51084727798486e-05,2.06132920149823e-05,1.89938455306079e-05,-3.84046594197176e-06,-1.56357728065006e-05,3.20079502113779e-05,-2.85802076217912e-05,-6.11814792680797e-05,7.91090536001242e-05,-5.9035617713941e-05,2.97404303416218e-05,-1.07627230127464e-05,1.25191188376874e-05,-1.14063650918036e-05,-1.45996309013384e-06,8.09076876321075e-06,-9.05719234634594e-06,8.32249891081429e-07,2.9396064129718e-05,-2.41660951535459e-05,-2.63686461000241e-06,9.60921920510843e-06,5.51483393222657e-06,-6.23172818587971e-06,2.47904065731378e-05,-4.36306697015796e-06,2.15348242202994e-06,3.5983848748065e-05,7.92282956024139e-06,-3.39096935043148e-05,1.12487168617116e-05,5.95936681920264e-05,-1.33015670625838e-05,2.15350180843489e-05,3.19987195082501e-05,-3.70758421305286e-06,-3.63514501414797e-06,6.38203053747193e-05,-1.05735625219628e-05,-3.62374626903244e-06,5.63072947707608e-05,-2.60009627692386e-05,-1.14255202590132e-05,-0.00011555731070755,-0.00186241638754795
"kabwe","beta22",2.50965652637685e-05,-3.08598910017565e-07,-1.42114995674472e-05,7.79293188839052e-07,-8.56789641296279e-07,-1.95534157254108e-05,3.86052145151215e-05,2.28242315820293e-06,-2.64538999519674e-05,9.27899338089741e-06,9.86462018187047e-06,-1.0023276168072e-05,7.31127845801543e-05,2.69579104190358e-05,-5.9035617713941e-05,7.9783378537424e-05,-5.90064408237134e-05,1.55924742412297e-05,-6.03750138149636e-06,1.97445128026638e-05,-3.35484610242668e-06,-2.03680046937632e-05,5.53623917053784e-05,1.28941357521187e-06,-7.76205497583012e-05,6.32245656226928e-05,-1.49908254810566e-05,-2.68164124338946e-06,-9.58189919481314e-06,2.45280291323522e-05,-2.33930848324188e-05,1.38295107925812e-06,2.53496897741857e-06,-3.14693019282572e-05,2.68274633892879e-05,2.9770435453304e-05,-8.8155137976194e-06,-2.29595448376558e-05,1.83839720573313e-05,-3.41373613493536e-05,-1.9069588337831e-05,5.12148392861669e-06,-4.32188156763626e-06,-2.43202505249496e-05,-4.73595355878274e-06,1.31826544306933e-05,-5.69542205089314e-05,4.05629382008653e-05,-1.05376777089629e-05,9.14838809988825e-05,0.012546830839191
"kabwe","beta23",-1.35179068368893e-05,1.41252415487012e-05,9.10633697748602e-07,5.73981395047632e-06,-9.91126783994008e-06,2.99045125642954e-05,-2.25116383024781e-05,-7.97735268360358e-06,1.10516186562639e-05,-1.02566294660845e-05,1.54519735440928e-05,-1.54189210752985e-05,-0.000147589857332078,-1.18303247030708e-05,2.97404303416218e-05,-5.90064408237134e-05,9.27868938153754e-05,-5.7236326269462e-05,1.82130694076574e-05,-1.64318172105559e-05,9.36136432593815e-06,2.79589739059064e-05,-8.81223473067971e-05,2.90752720469303e-05,0.000112562017522869,-7.516125438758e-05,2.3687307739689e-05,-9.16116795475552e-06,1.59970398994503e-05,-1.67832544955758e-05,-1.54109612437003e-06,1.43384318005682e-05,-3.61623165359514e-05,7.81047078221522e-05,-6.51461005834107e-05,-2.08800122892722e-05,-3.49139371494977e-05,-5.64591769834236e-06,-2.2041694522407e-05,5.16231919063076e-05,8.49799049324722e-06,-2.16051606031798e-06,-2.27918262949955e-05,8.18942646502102e-06,-1.27448932474959e-05,-1.07281913856049e-05,5.66242373434937e-05,-6.10856888098988e-05,4.22763983837837e-05,-4.59368563955634e-05,-0.0305956237458824
"kabwe","beta24",2.73106011154599e-05,2.59138185779572e-06,1.58344341426521e-05,-2.51601672337248e-05,1.0916106966658e-05,-2.16480048117178e-06,-4.75307273698298e-06,1.81457585238535e-06,1.59126116742131e-05,-1.30725426064833e-05,-9.43913469690661e-06,5.8121771129074e-06,4.11430427775471e-05,1.01985494086174e-05,-1.07627230127464e-05,1.55924742412297e-05,-5.7236326269462e-05,8.71345074511813e-05,-6.54111206379922e-05,3.26453515126392e-05,-3.9718635519642e-05,2.50623908729249e-05,1.2601131000582e-05,-6.70829403871109e-05,-6.39241652987367e-05,6.11995415987723e-05,-2.96968100742578e-06,-2.02864206640567e-05,1.17098988245911e-05,-1.39384055943592e-05,1.47379824177632e-05,-2.93496592975251e-05,5.06510989590969e-05,-5.69357353600761e-05,5.47960594309414e-05,-3.6312204587084e-06,6.57973626829248e-05,-2.40528314234817e-05,-6.82322369556304e-06,-8.60723869260879e-06,-1.04153405955891e-05,-3.85608952019062e-06,5.64172837032378e-05,-6.23652190869314e-05,5.46701436342636e-06,1.411609295088e-09,-1.59969210086211e-05,2.47268695295392e-05,-2.88608926648601e-05,5.94817175391762e-05,0.00427005049157433
"kabwe","beta25",-5.24484626896915e-05,-2.0427515202994e-05,-3.05012666113418e-05,3.76579423829321e-05,1.71632958769098e-07,-2.54675316571099e-05,2.66595605328587e-05,-2.77387043342323e-06,-1.96684725364833e-05,1.4230625138203e-05,-1.34581713952566e-05,3.18852683526431e-05,8.48841043420524e-05,-2.19948059303691e-05,1.25191188376874e-05,-6.03750138149636e-06,1.82130694076574e-05,-6.54111206379922e-05,9.42976713263502e-05,-6.40820694932239e-05,6.0004017488653e-05,-5.67453803856043e-05,5.19946177969813e-05,9.15123360182551e-05,4.85735967707253e-06,-1.65283763876131e-05,-1.19387044825938e-05,3.48968488041232e-05,-1.07131514673305e-05,1.73503681363134e-05,5.12929495851217e-06,1.8657821168304e-05,1.26495132903231e-06,2.22875488668079e-05,-1.36895454278052e-05,-9.89261427161911e-06,-2.89663047470099e-05,5.55748780756845e-05,1.63034149173661e-05,1.40040291265626e-05,2.07454546934781e-05,2.60922222042765e-05,-4.77709589295937e-05,0.000107451953653638,-1.11329235118526e-05,9.43028357182401e-06,-5.78349069820254e-06,1.95233923505281e-05,-9.82914611345142e-07,-0.000145784591162764,0.0269966196956111
"kabwe","beta26",4.88395561771231e-05,-7.03487705285878e-06,4.70019531490759e-05,-3.72717899549023e-05,-9.89524189152391e-07,2.3400963805406e-05,-5.10363330778134e-05,2.89812819787163e-05,-7.73461182489259e-06,9.03599869346948e-06,3.14302227627592e-05,-3.90116194881272e-05,-4.01120368813346e-05,1.93183752037254e-05,-1.14063650918036e-05,1.97445128026638e-05,-1.64318172105559e-05,3.26453515126392e-05,-6.40820694932239e-05,8.66541037693832e-05,-8.37698961257696e-05,5.11502991214848e-05,-3.27900406648409e-05,-5.19305864666272e-05,-8.16198442288558e-06,1.8067240506125e-05,2.17657624124654e-05,-4.03094779923204e-05,2.0804233412918e-05,-2.38801493132899e-06,-1.52347429836282e-05,1.44074000895111e-05,-2.626998152066e-05,-9.64140524530221e-06,-7.89668927843707e-06,4.07539541476397e-05,-1.1573531828777e-05,-1.05247342514383e-05,-3.43963008777712e-05,7.0659041085574e-06,-4.48292590533608e-06,-2.52550492896393e-05,4.57378655423323e-05,-9.71361789823758e-05,1.49778471416265e-05,-1.91965609963024e-05,1.51433565282681e-05,5.71677852301786e-06,-2.82942470684648e-05,9.95525905913116e-05,-0.0184371128134975
"kabwe","beta27",-6.66016590544722e-05,7.68859514308022e-07,-2.41704490413301e-05,3.12106379852489e-05,-3.53063562033892e-06,-2.54090262460521e-05,6.30042721911089e-05,-3.40663918974312e-05,2.72368032718854e-06,6.66459802790535e-06,-3.75413636342761e-05,3.42616746809232e-05,8.55702613807634e-05,-9.13691196506047e-06,-1.45996309013384e-06,-3.35484610242668e-06,9.36136432593815e-06,-3.9718635519642e-05,6.0004017488653e-05,-8.37698961257696e-05,0.000156802483087847,-0.000137057968827482,6.60409353446357e-05,3.42957512154985e-05,-6.73272250668127e-07,-2.73003804279136e-05,-3.84987080422186e-05,7.62138980751294e-05,-3.72368318706015e-05,5.13181694240525e-06,1.52562048245893e-05,-1.54013540600843e-05,1.82342853715643e-05,-3.71384700196268e-05,-5.79655685072195e-05,3.5669424302143e-05,-3.75193894165362e-05,1.22796228949843e-05,6.93059788124976e-05,-6.53862408343104e-05,1.1455196778561e-05,-4.40890498556465e-06,-1.78951550837342e-05,9.95310543693138e-05,3.60334920021889e-05,1.82876828026577e-05,-5.2341996092149e-05,1.78007457036434e-05,4.30588991438805e-06,-5.52075844350927e-05,0.0136121856128159
"kabwe","beta28",0.000111611126741165,5.80545780165602e-05,-1.03314988831399e-05,-1.25887709753476e-05,5.11478755565496e-06,4.59003022919214e-05,-5.8610597451413e-05,1.08629087014602e-05,1.57809528589496e-06,-4.02114029245544e-05,5.86195195797897e-05,-4.29469751160926e-05,-0.000211119514661239,3.24314887905689e-06,8.09076876321075e-06,-2.03680046937632e-05,2.79589739059064e-05,2.50623908729249e-05,-5.67453803856043e-05,5.11502991214848e-05,-0.000137057968827482,0.000261268673413957,-0.000247153432334068,-3.09153574109478e-05,4.67585443987651e-05,2.68904201759009e-05,7.13138103666458e-05,-0.000124764932250449,9.32332801944284e-05,-5.04216491189087e-05,-5.41054786137455e-07,2.24320595258916e-06,-5.38182196863436e-05,0.000141162502735209,3.5109410113645e-05,-7.04257198570135e-05,1.22799652032791e-05,-0.000108008538362469,3.38540075607713e-05,4.04876516236608e-05,-9.90308209937957e-06,4.19706940933252e-05,-3.94828295701543e-05,-0.000154330590885856,-5.33652738525598e-05,-3.55470215348335e-06,3.42314334169524e-05,-4.47218731743525e-05,4.27379456243121e-05,8.82926513925158e-05,-0.0356993981030898
"kabwe","beta29",-0.000127986450097418,-7.89814886050992e-05,-6.88145170447682e-06,3.33480245644719e-05,-1.8828315709815e-05,-6.68042440536103e-05,6.55785282179979e-05,-9.42193366709309e-06,1.8069785762219e-05,6.54545764013836e-05,-0.000118901734146124,0.000113742324240244,0.000331511955224247,-3.67877148382795e-05,-9.05719234634594e-06,5.53623917053784e-05,-8.81223473067971e-05,1.2601131000582e-05,5.19946177969813e-05,-3.27900406648409e-05,6.60409353446357e-05,-0.000247153432334068,0.000456461218014995,-1.02927176183107e-05,-0.000270273888018528,0.000105409519812349,-0.000151684047675566,0.000157477563791903,-0.00013734158249339,9.41576615200976e-05,1.7674703060759e-05,-1.53233021937205e-05,0.000108027794118536,-0.000248975849693948,8.85347464688894e-05,7.18445625534478e-05,6.4341699989099e-05,0.000182644052357414,-0.000119740451674094,-1.9397544739259e-05,2.73825273159457e-06,-8.81670053414499e-06,2.29814566508678e-05,0.00019702827415299,4.33113832314726e-05,1.5431502382818e-07,-6.18672730948881e-05,8.59033082516432e-05,-5.56671443466414e-05,-0.000100599108304419,0.0652548260333679
"kabwe","beta3",-1.99378127602752e-05,-7.23552557157828e-05,-1.18197369163909e-05,0.000124104193988303,-6.94592058052116e-05,-5.31074019029614e-06,-1.20186675594973e-05,6.48650009738337e-05,-8.63834232007475e-05,7.14472006282548e-06,4.53453923290123e-05,-1.94536071442605e-05,0.000140575822477705,8.6942924128741e-06,8.32249891081429e-07,1.28941357521187e-06,2.90752720469303e-05,-6.70829403871109e-05,9.15123360182551e-05,-5.19305864666272e-05,3.42957512154985e-05,-3.09153574109478e-05,-1.02927176183107e-05,0.000555826329020239,4.75575340333795e-05,-3.23686469253647e-05,0.000116622822158679,-0.000117766291285302,0.000115946161287822,-2.24804866057196e-05,-2.66772768606194e-05,5.61534275184169e-06,4.08696768835839e-05,7.18553832438743e-05,9.89390315830158e-06,-0.000104070582807325,5.63468037974847e-05,-2.978437808962e-05,-8.19672346686408e-05,0.000243069120660312,-8.89400610267627e-05,6.96402663196748e-05,-0.000119195577271526,0.000174734668241698,-0.000118855496589283,-3.43782448860423e-05,5.82262871474415e-05,1.30512923047265e-05,-6.54005202344198e-05,-0.000270532585240676,0.108451350482402
"kabwe","beta30",2.79196534783745e-05,3.11788434825261e-06,-1.83422981269068e-06,-1.65874334692703e-05,8.2132093540516e-06,4.78689384064042e-05,-4.40894293149407e-06,-2.76645422287041e-05,-4.59733480716875e-06,-3.30064280068677e-05,7.04036684227249e-05,-0.000103307487567002,-0.000228367136775404,4.12821174892864e-05,2.9396064129718e-05,-7.76205497583012e-05,0.000112562017522869,-6.39241652987367e-05,4.85735967707253e-06,-8.16198442288558e-06,-6.73272250668127e-07,4.67585443987651e-05,-0.000270273888018528,4.75575340333795e-05,0.000437548424177122,-0.00035645468431127,0.000149975331932669,-5.02205315838224e-06,-3.96253877479004e-05,1.30518784457211e-05,-6.24545240826655e-05,5.26389402641651e-05,-0.000103086346427068,0.000200957930272472,-0.000180018185513771,-0.000100238133013854,-0.00012117572486862,-3.20363659159121e-06,2.64078366521793e-05,2.90085323698359e-05,-2.43974670357998e-05,-3.15772398709003e-05,-8.25388816551793e-06,-2.12059522259339e-05,-2.5735584675807e-05,3.66130353106315e-06,0.000102745078141694,-0.000118451240770859,6.95704745024081e-05,7.15441359204845e-05,-0.0611117686623788
"kabwe","beta31",1.62323877607259e-07,1.64245077595169e-05,-1.09698079248363e-05,8.56730047492348e-06,-2.4325645603825e-06,-4.35654834507331e-05,-3.96027212137172e-06,6.6583386794527e-05,-3.98573414251781e-05,-1.06164195686426e-05,2.7059021846067e-05,5.68033550809476e-05,0.000115533604572981,-4.40270790641415e-05,-2.41660951535459e-05,6.32245656226928e-05,-7.516125438758e-05,6.11995415987723e-05,-1.65283763876131e-05,1.8067240506125e-05,-2.73003804279136e-05,2.68904201759009e-05,0.000105409519812349,-3.23686469253647e-05,-0.00035645468431127,0.000456314654790864,-0.000177187006682132,-5.00957700974818e-05,0.000148779061164127,-8.77604049666106e-05,9.74740263156499e-05,-8.51939633712987e-05,9.30419175318387e-05,-5.94163457956469e-05,0.000193511150254349,5.04168473196666e-05,0.000139064792364669,-9.51526327742252e-05,2.39977301167741e-05,2.03170066512915e-05,5.6063756166416e-05,1.9464685483164e-05,3.56979169461725e-05,-5.2364479549165e-05,-2.96602408824565e-05,1.91640923129616e-05,-6.8793295620649e-05,9.4092951577384e-05,-5.5222124565303e-05,-0.000122147656739284,0.0448572010450861
"kabwe","beta32",8.45363266191304e-05,-8.68391469196586e-06,4.1486275372819e-05,-3.89442298227444e-05,2.29002078286593e-05,5.67540817805096e-05,-9.06320987853573e-05,-2.82955816477636e-06,2.15235986068482e-05,1.76340430682432e-05,-1.32128635706529e-05,-4.09285681319864e-05,-9.13786236432698e-05,3.88874642146202e-05,-2.63686461000241e-06,-1.49908254810566e-05,2.3687307739689e-05,-2.96968100742578e-06,-1.19387044825938e-05,2.17657624124654e-05,-3.84987080422186e-05,7.13138103666458e-05,-0.000151684047675566,0.000116622822158679,0.000149975331932669,-0.000177187006682132,0.000226223984015065,-0.000153101004605635,6.66263634129098e-05,3.88447818028894e-06,-5.71472437623869e-05,7.10876644902982e-05,-2.75375671907434e-05,7.18705231497016e-05,-7.47700116187458e-05,-2.84221312670087e-05,-1.14727147419221e-05,-2.87135050651748e-05,2.14143695853413e-05,6.75957858700813e-05,-2.86762038053782e-05,6.77129369256996e-05,-3.85615085712153e-05,-1.98895889519711e-05,-5.58796314363988e-05,-3.50442364533386e-05,0.00010194839383273,-3.52585812753124e-05,-2.36977589101656e-05,-4.21093750675168e-05,-0.0161624213227707
"kabwe","beta33",-0.000114033613139182,-8.43916040107642e-06,-6.75209334882909e-05,5.04669559075428e-05,-2.35688057852506e-05,-5.86357719817458e-05,0.000158643622662762,-5.86897848895589e-05,-3.51500725879755e-06,5.70042077301026e-06,-4.33494627925867e-05,4.35972765703285e-05,0.000167121017121299,-1.88818779044028e-05,9.60921920510843e-06,-2.68164124338946e-06,-9.16116795475552e-06,-2.02864206640567e-05,3.48968488041232e-05,-4.03094779923204e-05,7.62138980751294e-05,-0.000124764932250449,0.000157477563791903,-0.000117766291285302,-5.02205315838224e-06,-5.00957700974818e-05,-0.000153101004605635,0.000291995595428475,-0.000265985713059909,9.95295855095898e-05,-1.92321209831226e-05,-7.30129694996794e-06,2.70663511134265e-06,-3.64636102217056e-05,-5.98309244026926e-05,-4.39858114551539e-05,-4.80569862956452e-05,9.24046278323364e-05,6.73642690761228e-06,-0.000118964888881008,-1.93221906187316e-05,-3.48704826009281e-05,1.46133299505262e-05,5.55497525808636e-05,0.000126197799332212,-1.56008557319896e-05,-9.3465318959725e-05,3.15679955601303e-05,4.25623558937459e-05,8.68329033838972e-05,0.00473958202725033
"kabwe","beta34",8.01281185125776e-05,6.19171770226802e-07,7.78671037146079e-05,-2.14906753278194e-05,1.22607082405629e-05,3.81973861736573e-05,-0.000183200805676828,0.000100662044259877,-9.97532045877131e-06,-5.75064380805755e-05,0.000110156618719885,-4.26771357208009e-05,-0.000171414228243031,3.67000835934849e-06,5.51483393222657e-06,-9.58189919481314e-06,1.59970398994503e-05,1.17098988245911e-05,-1.07131514673305e-05,2.0804233412918e-05,-3.72368318706015e-05,9.32332801944284e-05,-0.00013734158249339,0.000115946161287822,-3.96253877479004e-05,0.000148779061164127,6.66263634129098e-05,-0.000265985713059909,0.0003986813635386,-0.000224349382638878,0.000134590664198877,-5.875819260508e-05,1.07195718803935e-05,8.03943562547917e-05,0.000116146482615105,8.33240413330033e-05,9.66377081407407e-05,-0.000118941381706999,2.87571668436034e-05,0.000137347885774291,7.36110382890912e-05,3.4070461593226e-05,4.40303655348622e-05,-4.92416916483452e-05,-9.58989436686429e-05,4.10571776227621e-05,4.79274152215733e-05,3.13018430073965e-05,-8.90361001272981e-05,-0.000319438960752449,0.0145854996629405
"kabwe","beta35",1.51674144177292e-05,-2.26801695154339e-05,-5.79022107754996e-05,4.31406780596853e-07,1.0718717159899e-05,-1.24523941089595e-05,6.81503740807756e-05,-4.21495604348669e-05,2.3547671994724e-06,5.66224806705699e-05,-8.40055371370404e-05,3.56836461407821e-05,9.91217748546288e-05,-8.44174535164399e-06,-6.23172818587971e-06,2.45280291323522e-05,-1.67832544955758e-05,-1.39384055943592e-05,1.73503681363134e-05,-2.38801493132899e-06,5.13181694240525e-06,-5.04216491189087e-05,9.41576615200976e-05,-2.24804866057196e-05,1.30518784457211e-05,-8.77604049666106e-05,3.88447818028894e-06,9.95295855095898e-05,-0.000224349382638878,0.000211582898802238,-0.000142094534852685,9.30479927519237e-05,-7.90935945034021e-06,-3.12548318267863e-05,-4.87309291915138e-05,-5.78482870431286e-05,-5.0711823610336e-05,7.97293127481344e-05,3.27969560200373e-05,-8.69676512085245e-05,4.84437827024157e-06,-6.93105030201716e-06,-6.48792584036718e-05,9.57583987794009e-05,1.25102796682346e-05,-2.18793159034464e-05,5.00738175812408e-06,-2.13005575759292e-05,5.13110066147627e-05,0.000154074054547495,-0.00420211002509054
"kabwe","beta36",-4.94295116554745e-05,5.21213891112322e-06,2.43101786244027e-05,1.82847133841809e-05,-2.01635469169559e-05,-1.70833612840074e-05,-1.97065836692571e-05,3.96186598654789e-05,-1.68117866878699e-05,-3.38266753664383e-05,6.48007576301355e-05,7.04518425010565e-06,2.75196518219698e-05,-2.56121176975393e-05,2.47904065731378e-05,-2.33930848324188e-05,-1.54109612437003e-06,1.47379824177632e-05,5.12929495851217e-06,-1.52347429836282e-05,1.52562048245893e-05,-5.41054786137455e-07,1.7674703060759e-05,-2.66772768606194e-05,-6.24545240826655e-05,9.74740263156499e-05,-5.71472437623869e-05,-1.92321209831226e-05,0.000134590664198877,-0.000142094534852685,0.000179035840668013,-0.00014369079455264,5.6040747625217e-05,7.93929935957886e-06,8.55061291796307e-05,5.00448992457823e-05,1.03924958776603e-05,7.15838090524804e-05,-4.57658423615906e-05,5.92744285567504e-05,2.90506974780856e-05,-1.14904817668412e-05,0.000117050432362296,-6.30286646357947e-05,5.64761729492718e-06,2.48503807616266e-05,-4.0149338741608e-05,4.14742377635963e-05,-3.69668955925749e-05,-0.000187966130283153,0.0226066278737039
"kabwe","beta37",4.43206713562932e-05,-3.79728138884064e-05,3.10768418706417e-05,-5.8005747646268e-05,5.82725320276281e-05,4.66948607376055e-05,-9.36972929912883e-05,-4.89923172144758e-05,6.57807897116468e-05,4.55430767371417e-05,-6.72212574433174e-05,5.35919271324073e-06,-7.47755376473924e-05,1.67930485953142e-05,-4.36306697015796e-06,1.38295107925812e-06,1.43384318005682e-05,-2.93496592975251e-05,1.8657821168304e-05,1.44074000895111e-05,-1.54013540600843e-05,2.24320595258916e-06,-1.53233021937205e-05,5.61534275184169e-06,5.26389402641651e-05,-8.51939633712987e-05,7.10876644902982e-05,-7.30129694996794e-06,-5.875819260508e-05,9.30479927519237e-05,-0.00014369079455264,0.000258209824507029,-0.000153963605562645,-3.10740944145861e-06,-9.18119012840668e-05,6.57705584061631e-05,-2.81353756456798e-05,-5.69931552142549e-05,0.000133088843888359,-0.000105674550639929,8.24067849967963e-05,-7.98222534845327e-06,-7.82609404016675e-05,0.000160673599778706,-1.01062873371951e-05,-2.96408929350236e-07,6.54960572367988e-05,-2.3191783364199e-05,-1.37404521097695e-05,3.66085467088617e-05,-0.0361644677883902
"kabwe","beta38",-5.48006992217285e-05,1.10645441106151e-05,-1.31243482125734e-05,3.6408181296095e-05,-1.89165505280639e-05,-4.17446706022434e-05,6.19356270848554e-05,2.97395455174518e-05,-9.77355936822181e-06,-2.60340961341801e-05,-6.68560275318361e-05,8.94627037058676e-05,0.000193264026132829,-3.9847728083597e-05,2.15348242202994e-06,2.53496897741857e-06,-3.61623165359514e-05,5.06510989590969e-05,1.26495132903231e-06,-2.626998152066e-05,1.82342853715643e-05,-5.38182196863436e-05,0.000108027794118536,4.08696768835839e-05,-0.000103086346427068,9.30419175318387e-05,-2.75375671907434e-05,2.70663511134265e-06,1.07195718803935e-05,-7.90935945034021e-06,5.6040747625217e-05,-0.000153963605562645,0.000344292776736982,-0.000239727705358984,4.73635773670551e-05,-4.60493902417637e-05,0.000142154753652464,9.02429087674283e-05,-0.000148415177985337,0.000199231441533035,-0.000131696977942431,0.000167735290526691,-2.59715342761615e-05,1.87402841651818e-05,1.3296469621573e-05,-2.74386702603521e-05,-1.40466812588653e-05,5.00802932492967e-05,-3.977285727545e-05,-0.000115117924085951,0.0518142405210986
"kabwe","beta39",7.98769369611338e-05,2.27556648665478e-05,-8.11177288684525e-05,1.68780392384348e-05,-2.52177505504318e-06,2.09142842197727e-05,1.35927048126854e-06,1.72563236972377e-05,-3.77641403211926e-05,-6.86841115155261e-05,0.000136279666878615,-8.54240104152783e-05,-0.000293311311554294,-1.03323686033932e-06,3.5983848748065e-05,-3.14693019282572e-05,7.81047078221522e-05,-5.69357353600761e-05,2.22875488668079e-05,-9.64140524530221e-06,-3.71384700196268e-05,0.000141162502735209,-0.000248975849693948,7.18553832438743e-05,0.000200957930272472,-5.94163457956469e-05,7.18705231497016e-05,-3.64636102217056e-05,8.03943562547917e-05,-3.12548318267863e-05,7.93929935957886e-06,-3.10740944145861e-06,-0.000239727705358984,0.000670745113840656,6.56938018986275e-05,-0.000317166239537121,-3.34348570320791e-05,-0.000130288369088236,0.000199878499715938,-1.11850141868567e-05,0.000115257123979323,-3.4019096137522e-05,2.29341239785997e-05,-0.00010451571597017,-7.66765514548137e-05,-2.50369614732805e-05,8.3738029981749e-05,-6.23309776031376e-05,7.94215350068764e-05,-0.000244892440499153,-0.0313372164364502
"kabwe","beta4",-6.94149892621794e-06,1.73195811052691e-05,-6.79301821414997e-05,3.7282079727196e-05,6.55222438813272e-06,-6.07762614228874e-05,3.05136715453401e-06,5.80062095148877e-05,-1.82862683812693e-05,-0.000102751827513814,9.72969562953549e-05,4.61178578353255e-05,2.74622531226651e-06,-5.71008256733979e-05,7.92282956024139e-06,2.68274633892879e-05,-6.51461005834107e-05,5.47960594309414e-05,-1.36895454278052e-05,-7.89668927843707e-06,-5.79655685072195e-05,3.5109410113645e-05,8.85347464688894e-05,9.89390315830158e-06,-0.000180018185513771,0.000193511150254349,-7.47700116187458e-05,-5.98309244026926e-05,0.000116146482615105,-4.87309291915138e-05,8.55061291796307e-05,-9.18119012840668e-05,4.73635773670551e-05,6.56938018986275e-05,0.000494847100272121,-9.1090641162422e-05,0.000151178080633674,3.43485765055919e-05,-5.13047451206373e-05,6.3721879977591e-05,6.67938174538117e-05,-2.02479618206095e-05,-4.56690877168929e-06,0.000140816417586361,-0.000118743922681813,2.00453863825786e-05,-8.56664082741088e-05,5.04895958191297e-05,3.23167687409376e-05,-0.000261646560866203,0.0857571061475426
