"region","name","alpha_D","beta1","beta10","beta11","beta12","beta13","beta14","beta15","beta16","beta17","beta18","beta19","beta2","beta20","beta21","beta22","beta23","beta24","beta25","beta26","beta27","beta28","beta29","beta3","beta30","beta31","beta32","beta33","beta34","beta35","beta36","beta37","beta38","beta39","beta4","beta40","beta41","beta42","beta43","beta44","beta45","beta46","beta47","beta48","beta5","beta6","beta7","beta8","beta9","p_G_D","start_date"
"kabwe","alpha_D",0.00013506582192615,2.0850523853329e-05,1.26388432413782e-05,1.94815875033743e-06,1.30692119037213e-05,3.70317213127092e-06,-3.07270114250326e-05,1.73759592020143e-05,3.53329458702452e-06,-4.45133331725863e-05,4.17933439392618e-05,-3.77132889464176e-06,4.8686748815626e-05,-3.39565199079484e-06,1.85333644171194e-05,-8.09449480987717e-06,2.29173202042705e-05,-3.4366152265874e-05,1.97092783437648e-05,9.03472827893586e-06,-2.2498154387795e-05,1.57773696155849e-05,-1.04605050450442e-05,2.40580827959519e-05,5.95929570662435e-05,-4.47739135857322e-05,4.80146388537781e-05,-2.04483461575363e-05,-1.03480437734498e-05,2.94683694393873e-05,1.25138395849532e-05,8.88426315260103e-08,3.04231600564312e-06,-3.1335287831173e-05,1.54484188412729e-05,8.35686721518891e-05,-2.82890470394934e-05,-1.65254621186174e-05,7.4512506693936e-05,-1.01381897779002e-05,-5.93480543484757e-05,5.58808913012259e-05,4.78293371627975e-05,2.26631200004908e-05,-2.45175327662662e-05,1.25037751434971e-05,-3.63021492614649e-05,2.64673863646906e-05,-1.93232098461585e-05,-1.30270605837079e-05,0.0181409992352055
"kabwe","beta1",2.0850523853329e-05,6.91855186187124e-05,2.71427609454745e-05,-2.95781692224327e-05,4.00833652559196e-05,-2.44424301629571e-05,-1.46950071108346e-07,8.68291279411734e-06,1.103718877446e-05,-7.20361714085068e-05,5.6183701370495e-05,-6.04423367079488e-06,3.83805406863973e-05,-8.94823954971575e-06,8.22327858240857e-07,1.56112940432691e-06,2.61598375005105e-05,-3.29971904786235e-05,2.05319826027093e-05,-1.62179136258088e-06,-2.70909326525846e-05,5.3026793834141e-05,-5.59182329266943e-05,-4.62160733668428e-05,2.67574666539478e-05,4.06098580248811e-05,-5.83601529218689e-06,-2.05726680417139e-08,-9.55909985372964e-06,2.58050192248743e-05,-1.74088875847614e-05,2.43091275291269e-05,-5.22650281755755e-05,2.1604423999407e-05,1.43414998611638e-05,1.31612787035638e-05,-1.76058574120203e-05,2.30400567663649e-05,-1.58895308940264e-05,1.38439233055406e-05,-4.16232929990423e-05,-1.24591671405474e-05,6.04273348848397e-05,-4.23408466804297e-05,2.88586196161883e-05,1.59229786231688e-06,-1.10439403491917e-05,3.56212219476381e-05,-4.41373463106596e-05,2.15542654826626e-07,0.023584057425838
"kabwe","beta10",1.26388432413782e-05,2.71427609454745e-05,0.00014111028162033,-4.26207579820713e-05,1.76860917167358e-05,-4.68052573382982e-05,-4.85941858112654e-07,4.8836521539237e-05,-8.70919671525012e-06,-6.79017730327922e-05,7.26922171253024e-05,-1.99361653355484e-05,-5.61396887462726e-06,-2.44264894103176e-05,9.88135766141089e-06,-8.56117956022412e-08,3.21223015245625e-06,-1.96955330639987e-06,-3.42694270180728e-07,6.48984590808202e-06,3.03284007766796e-06,-5.47054478890998e-06,1.04932647828157e-05,-8.92389923829505e-06,-4.04598533314566e-05,2.17287842983095e-05,-1.30780623721599e-05,1.55582467867487e-05,-2.18188527871677e-05,2.98826084826715e-05,-3.77958326039755e-05,6.77528644015455e-05,-9.21450055145368e-05,3.37166348548967e-05,3.93698322687542e-05,-2.20706192733907e-05,-2.06412707764923e-05,6.94436088247668e-05,-3.75231041014501e-05,-7.2917436792923e-05,4.32983502938787e-05,-4.94722143587882e-05,3.57988584266473e-05,-8.12137593984545e-05,-5.67869541609875e-06,3.58352015426363e-06,6.90655579441743e-06,-3.29419588724619e-05,-7.07280117047642e-05,9.41250045295954e-05,0.0134677895963506
"kabwe","beta11",1.94815875033743e-06,-2.95781692224327e-05,-4.26207579820713e-05,8.26455484004737e-05,-8.37794572539877e-05,4.29936663125803e-05,-7.78243848241459e-06,-1.11454648613057e-05,-1.72944356208529e-05,7.75185975749084e-05,-5.75027660883692e-05,9.39104066290253e-06,-4.25715139211651e-05,1.19673284277871e-05,-1.22526673046809e-05,1.93645843140232e-05,-3.96361275127504e-05,4.30398249207503e-05,-2.68973936914347e-05,1.47907534143528e-05,1.94067479428403e-06,-3.29547884343597e-05,2.12139056336551e-05,-1.41012283817307e-05,1.70152769709077e-05,-1.77985501243394e-05,-1.97123579604015e-06,5.58181023031337e-06,1.91779711717926e-05,-1.92582594645842e-05,3.23233289686628e-05,-3.13839044582762e-05,4.47450771613203e-05,-1.8743411429562e-05,6.24474749637195e-05,2.82412344403049e-05,3.53432383114536e-05,-3.05971116961104e-05,5.09983717440199e-05,-2.50122791886668e-05,3.67630083402055e-05,-1.4988658038495e-05,4.08079709623779e-05,3.84973507192433e-05,-2.46316857358047e-05,-3.71882475465296e-05,-4.45217006371454e-06,-7.46061154671322e-06,2.44514914147947e-05,-2.0538657623381e-05,-0.0189489945011876
"kabwe","beta12",1.30692119037213e-05,4.00833652559196e-05,1.76860917167358e-05,-8.37794572539877e-05,0.000163571396795418,-0.000107134218676279,7.13261570268261e-06,4.15381334719736e-07,3.12567949762559e-05,-0.00013162498892961,0.000131917247463602,-4.14780685673471e-05,6.07787597417675e-05,1.24023776989881e-05,1.60800418683903e-06,-2.29333194057749e-05,6.09162657702645e-05,-6.84891924874159e-05,3.10154893241443e-05,-1.66007291782537e-05,-2.67056396128354e-05,0.000113564768096277,-5.86523032058638e-05,3.1216520111627e-05,-6.2081905074187e-05,7.42763276576783e-05,-2.67148875776551e-05,2.02500646886109e-05,-5.3164162169642e-05,4.41606832249659e-05,-4.15004120057572e-05,4.67221863960528e-05,-6.63378786442245e-05,1.09955613204439e-05,-7.35644966426126e-05,-7.41646868409323e-06,-6.51670203284728e-05,8.05266577434487e-05,-0.000120199241707692,0.000103644933444713,-0.000100314648045486,0.00011212291881355,-0.00017166911408736,1.82821268079898e-05,-3.49254576044604e-06,9.2990427148357e-05,-1.0357488348031e-05,1.32585223400912e-05,-2.3370360301665e-05,9.93014804436566e-06,0.0262965338119908
"kabwe","beta13",3.70317213127092e-06,-2.44424301629571e-05,-4.68052573382982e-05,4.29936663125803e-05,-0.000107134218676279,0.000194711430901983,-0.000131471073921361,-7.17399923835111e-06,1.15792569583846e-05,9.90563151392268e-05,-0.00010849999621057,4.77006075647673e-05,-1.17237836683993e-05,-1.85507501947505e-05,2.46041815430543e-05,1.04478306984172e-05,-5.12898141849815e-05,4.30376460933597e-05,-9.5381376059146e-06,2.20430874056315e-05,-1.60427424639978e-05,-4.59990058530296e-05,3.71163376538365e-05,1.62748986499556e-05,9.19422651089981e-05,-0.000123072379980193,8.98253509257045e-05,-7.3621252164764e-05,7.80485897537404e-05,-5.64183302983347e-05,4.49740584175552e-05,-2.47469104114593e-05,7.76523911164692e-05,-4.70296988964171e-06,6.72800090278693e-05,3.17566751014549e-05,2.29385863224452e-05,-0.000119249301648533,0.000191861117940026,-1.01276189177855e-05,-1.83452750874909e-05,1.25824532517609e-07,0.000156668920235838,-2.06997536965181e-05,-6.20281654083135e-06,-6.75219019830769e-05,-1.79473816244668e-05,2.64069277539072e-05,2.11785282193213e-05,-5.51954958455556e-05,-0.00513051894332256
"kabwe","beta14",-3.07270114250326e-05,-1.46950071108346e-07,-4.85941858112654e-07,-7.78243848241459e-06,7.13261570268261e-06,-0.000131471073921361,0.000232231690398373,-6.65986105957884e-05,-1.30050288556152e-05,-3.24128282386064e-05,1.37943501779444e-05,-1.28445664216073e-05,-2.81789694268601e-06,8.03820431958902e-06,-2.06944461986504e-05,-9.12358037310589e-06,3.67866905262592e-05,-7.69827067101253e-06,-5.68497368627991e-06,-3.62451157467122e-05,6.24076723955193e-05,-4.36360388009491e-05,-1.9774953572901e-05,-8.42620750199811e-05,-2.45792836140841e-06,5.37247034175773e-05,-5.28091142167033e-05,3.65159194339812e-05,-4.37185869436529e-05,1.97904060590451e-05,4.21527393312798e-07,-6.90409917274753e-05,-9.47741337350565e-07,-4.96968189223224e-06,-0.000105547520814209,-4.73456575685013e-06,-8.38366286810306e-06,9.78483267814391e-06,-7.39082541518241e-05,-7.93358508347469e-05,8.72589975679856e-05,-0.000125134552434368,-9.37664714697599e-06,5.15752511825439e-06,4.84683882371528e-05,1.03172665032873e-05,8.616333848898e-06,2.74087598727166e-05,-5.79229871443006e-06,4.90988282042143e-05,-0.0243949704113695
"kabwe","beta15",1.73759592020143e-05,8.68291279411734e-06,4.8836521539237e-05,-1.11454648613057e-05,4.15381334719736e-07,-7.17399923835111e-06,-6.65986105957884e-05,0.00013124532052315,-6.60208633990915e-05,-4.9140368456481e-06,2.46420937045261e-06,3.0206391769358e-06,1.91757171106481e-05,-1.55105319270798e-05,7.93882657314073e-06,-8.80716015748441e-07,-6.24166522222346e-06,-1.23674941322887e-05,1.43178412367787e-05,-2.12890219560099e-06,-3.09219503350107e-06,-3.47160782019896e-05,3.55296927778852e-05,9.36859529150217e-06,-5.58163483120342e-06,-3.05407214965977e-05,1.15613430367286e-05,-1.54213124488873e-05,1.78185032096224e-05,-7.4961050030291e-06,-2.70294514917079e-05,5.28472312278511e-05,-4.22001376349938e-05,2.37762125396529e-06,5.74926965390734e-05,-6.68547263174799e-05,3.09922859188096e-05,5.23911560432639e-05,-6.10661223775024e-05,2.23015730397534e-06,-3.40997546757079e-07,-3.01021732712675e-05,2.43495550885527e-05,-4.08101166230178e-05,-2.30514663900489e-05,-8.96775798517538e-06,4.28795733173242e-05,-7.89303424018082e-05,-2.1745714370737e-06,9.41505162468823e-05,0.0166252413403076
"kabwe","beta16",3.53329458702452e-06,1.103718877446e-05,-8.70919671525012e-06,-1.72944356208529e-05,3.12567949762559e-05,1.15792569583846e-05,-1.30050288556152e-05,-6.60208633990915e-05,0.000134982292622666,-0.000131302383369172,2.62768990762717e-05,1.6816620896263e-05,4.80295006139566e-05,-1.88615357960558e-05,1.8273987589361e-05,6.48652404937389e-06,-3.53476459978038e-06,1.18096683028451e-05,-1.76974613673059e-05,2.85795072798054e-05,-2.4420335624742e-05,6.91226608028838e-05,-2.3746803182456e-05,2.13808061328035e-05,-1.79708403159931e-05,2.81715847796963e-05,2.45972046523952e-06,8.5248427075852e-06,6.35002129708939e-06,2.20482501641052e-05,-9.67937631559926e-06,1.54632225743088e-05,-1.06180296553148e-05,1.91582885009677e-05,-1.97386205154286e-05,5.73264883029129e-05,-6.34734566278963e-05,-1.00991369629283e-06,6.86302840252596e-05,-3.96513326144793e-05,1.8202674347899e-05,3.71496278147057e-05,-2.32750591202074e-05,-3.87934282143731e-05,-7.63837377232103e-07,1.26556097239189e-05,-4.59856858199621e-05,8.69078044533303e-05,-3.85071969111787e-05,-5.69203368338134e-05,0.01460230088699
"kabwe","beta17",-4.45133331725863e-05,-7.20361714085068e-05,-6.79017730327922e-05,7.75185975749084e-05,-0.00013162498892961,9.90563151392268e-05,-3.24128282386064e-05,-4.9140368456481e-06,-0.000131302383369172,0.000439133138931861,-0.000333965032993744,7.91712016001936e-05,-0.000158142731511887,1.65708302570916e-05,-7.64989616223568e-06,-9.84033102740069e-06,-4.64924700321022e-05,5.19017572536153e-05,-8.592255986851e-06,-1.46772627574463e-05,5.32759667108408e-05,-0.000146746102718399,6.06888096786175e-05,6.76881187812431e-05,3.55181436791449e-05,-0.000100101066878866,4.15901008581501e-05,-3.70514293143323e-05,3.93150886352103e-05,-8.44860318004154e-05,4.6198441827673e-05,-6.07712892773362e-05,0.000137512122929082,-7.71677134982194e-05,2.75696845385545e-05,-2.48566416890345e-06,0.000103017313835316,-0.000162402432872709,4.7328999934122e-05,6.68414392795132e-05,-5.20740369489547e-05,1.27928464084361e-05,5.62536411082175e-05,0.000118935041903684,-2.94276584245952e-05,-6.28178737914097e-05,5.97986869299903e-05,-0.000104964781902216,0.000100299943659796,4.10705301404367e-05,-0.0537690804532266
"kabwe","beta18",4.17933439392618e-05,5.6183701370495e-05,7.26922171253024e-05,-5.75027660883692e-05,0.000131917247463602,-0.00010849999621057,1.37943501779444e-05,2.46420937045261e-06,2.62768990762717e-05,-0.000333965032993744,0.000464501317299779,-0.000194159148537775,5.30985034130598e-05,5.75114455283101e-05,-4.46707539371041e-05,2.38378862370012e-05,4.47885823740135e-05,-6.1471303934652e-05,2.19521288292438e-05,-2.45561772921528e-06,-6.13024468301515e-05,0.000174913128163423,-5.99780811234905e-05,-7.45709184047748e-05,-9.75197430896464e-05,0.000153774642533148,-9.08204856247894e-05,8.53251454707426e-05,-0.00010913371224171,0.00010261464516607,-2.82371587276882e-05,4.69102017124488e-05,-0.000131318624965648,6.41211457511187e-05,-3.86019063733178e-05,-3.42156487702788e-05,-1.63157381132095e-05,0.000158514895425475,-0.00013575769602511,6.6445611633106e-05,-2.70082145810465e-05,8.87791601655871e-05,-0.000168401307098736,-5.06378426521571e-06,4.25786604424066e-05,7.9418471859252e-05,-4.56727083440351e-05,4.89640714592332e-05,-6.38278906825376e-05,-0.000149669529783336,0.0249428011542929
"kabwe","beta19",-3.77132889464176e-06,-6.04423367079488e-06,-1.99361653355484e-05,9.39104066290253e-06,-4.14780685673471e-05,4.77006075647673e-05,-1.28445664216073e-05,3.0206391769358e-06,1.6816620896263e-05,7.91712016001936e-05,-0.000194159148537775,0.000138506960036593,2.0644782738724e-05,-7.77612484588822e-05,5.55644029891904e-05,-3.05041237894404e-05,5.73991756828277e-06,1.19616608740618e-06,1.45152080947601e-05,-1.29455261687615e-05,3.21414850759077e-05,-7.1707256784455e-05,3.62529277506936e-06,4.67262605078426e-05,9.39529718546993e-05,-8.24237660148009e-05,6.46273281248732e-05,-6.74708487374699e-05,6.89194551635954e-05,-3.8819638544421e-05,1.13454339511887e-05,-1.13073585812107e-06,3.04230462195226e-05,6.45877021882755e-06,5.4294081542979e-05,3.20950047038756e-05,-4.14447307130831e-05,-2.83951477839216e-05,8.48848918657291e-05,-3.98979171898504e-05,7.95937668548122e-06,-3.93221817260232e-05,0.000120935175801143,-4.69535079071777e-05,-1.79500070463275e-05,-4.03602825437674e-05,-8.10618395524631e-06,-4.65153273240704e-06,1.22069593759551e-05,5.10332324325821e-05,0.0123075223815274
"kabwe","beta2",4.8686748815626e-05,3.83805406863973e-05,-5.61396887462726e-06,-4.25715139211651e-05,6.07787597417675e-05,-1.17237836683993e-05,-2.81789694268601e-06,1.91757171106481e-05,4.80295006139566e-05,-0.000158142731511887,5.30985034130598e-05,2.0644782738724e-05,0.000516359755420617,-4.53525777885943e-05,3.52913467711009e-05,-1.42319770789569e-05,5.15535986948116e-05,-8.56394529133394e-05,5.53054811838119e-05,-1.10509205607841e-05,-1.64546288446671e-05,3.49918503474956e-05,-8.87133165267529e-05,5.84799840882595e-05,8.44933950090249e-05,1.98589843745755e-05,2.97924457473796e-05,1.46265526324629e-05,-3.75816865072465e-05,1.2402684771512e-05,1.01223552555423e-05,-1.12569473579009e-05,-2.85826887560405e-06,-4.99914869741215e-05,-0.000119760305590792,0.000181955909962714,-0.000329413647600232,0.000176443947554242,0.000109762023189936,-0.000116274599951213,-2.44964263159425e-05,1.94324734758207e-05,3.33222740330793e-05,-0.000124320053706938,4.051602573573e-05,-1.75630734102221e-05,9.85478204741875e-06,8.9268902404763e-05,-6.82665291212322e-05,7.24582868843086e-06,0.126099311026203
"kabwe","beta20",-3.39565199079484e-06,-8.94823954971575e-06,-2.44264894103176e-05,1.19673284277871e-05,1.24023776989881e-05,-1.85507501947505e-05,8.03820431958902e-06,-1.55105319270798e-05,-1.88615357960558e-05,1.65708302570916e-05,5.75114455283101e-05,-7.77612484588822e-05,-4.53525777885943e-05,0.000102065016058646,-8.69402167738232e-05,3.68157571481338e-05,-2.82642092528786e-06,-1.08853228676926e-05,5.38964234297338e-06,6.79627053191599e-06,-3.0715993110036e-05,5.35933794630822e-05,3.68164526863668e-06,-3.61589034063402e-05,-7.38198855933121e-05,6.57574249447088e-05,-4.93797780323588e-05,5.92085248769393e-05,-5.05886994741655e-05,2.10947466558267e-05,1.30863250583001e-05,-3.80298391512606e-05,2.89667053349291e-05,-2.68189724420035e-05,-5.65938918611408e-05,-1.26553662086528e-05,6.03695621252367e-05,-6.52910191245313e-06,-7.62713846987569e-05,9.47962323513259e-05,-4.8597821307579e-05,5.49852493852105e-05,-8.57059052080223e-05,7.93160232427034e-05,1.99723689116962e-05,4.46519955375606e-05,2.82786400036294e-06,1.00781185944913e-07,8.47576730595955e-06,-4.44987672676111e-05,-0.022545131353462
"kabwe","beta21",1.85333644171194e-05,8.22327858240857e-07,9.88135766141089e-06,-1.22526673046809e-05,1.60800418683903e-06,2.46041815430543e-05,-2.06944461986504e-05,7.93882657314073e-06,1.8273987589361e-05,-7.64989616223568e-06,-4.46707539371041e-05,5.55644029891904e-05,3.52913467711009e-05,-8.69402167738232e-05,0.000112800243401814,-6.11390681160119e-05,7.71426784536424e-06,1.65499310051649e-05,-1.93002651990606e-05,2.59262339826464e-06,2.28184639910028e-05,-2.96144537836275e-05,-1.9194685828376e-06,4.7513496853804e-05,6.37111879478099e-05,-8.7539413203673e-05,6.28545906915793e-05,-6.17279631599693e-05,4.58135871340348e-05,-2.79296559478101e-05,-2.56405345628841e-06,2.62245890778651e-05,3.87183443858355e-06,-9.49274876917427e-06,3.57038645829718e-05,2.34078482596486e-05,-3.30787440818809e-05,-5.08921469252718e-05,9.00782391548989e-05,-5.06126509403677e-05,1.49122052883967e-05,-3.10724318824943e-06,2.74386275826807e-05,-5.56600408211166e-05,-4.03455207375091e-05,-2.7842113105065e-05,1.35172035705e-06,-1.14312848514063e-06,6.34509392031906e-06,5.34429709700301e-05,0.0123790653496872
"kabwe","beta22",-8.09449480987717e-06,1.56112940432691e-06,-8.56117956022412e-08,1.93645843140232e-05,-2.29333194057749e-05,1.04478306984172e-05,-9.12358037310589e-06,-8.80716015748441e-07,6.48652404937389e-06,-9.84033102740069e-06,2.38378862370012e-05,-3.05041237894404e-05,-1.42319770789569e-05,3.68157571481338e-05,-6.11390681160119e-05,6.77147379020962e-05,-4.34049677263e-05,2.05815205777255e-05,-9.40287108301398e-06,1.72957699097441e-05,-2.51768226089267e-05,1.56595603893144e-05,1.28009959399447e-05,-4.59470013063169e-05,-2.78568536771077e-05,4.05592381869708e-05,-3.09195791287822e-05,3.27642457004298e-05,-1.57803893106268e-05,2.14914139088406e-05,-1.11890348732749e-05,4.41555581989432e-06,-1.64814870645332e-05,2.32407878018744e-05,6.33187588055198e-06,-1.5526087760199e-05,3.66914375874505e-05,1.52290056471756e-05,-3.80147155584344e-05,6.46982102567401e-06,2.13455023424771e-05,-2.61809526420919e-05,2.84538545097768e-05,3.01852582618006e-06,9.65889224185463e-06,-1.5710819496112e-05,-1.98911250129679e-06,2.12465967774058e-05,-1.57199198025014e-05,-3.61028884223352e-05,-0.0113864949111661
"kabwe","beta23",2.29173202042705e-05,2.61598375005105e-05,3.21223015245625e-06,-3.96361275127504e-05,6.09162657702645e-05,-5.12898141849815e-05,3.67866905262592e-05,-6.24166522222346e-06,-3.53476459978038e-06,-4.64924700321022e-05,4.47885823740135e-05,5.73991756828277e-06,5.15535986948116e-05,-2.82642092528786e-06,7.71426784536424e-06,-4.34049677263e-05,9.93791615016508e-05,-0.000111965500814914,7.16201259612622e-05,-3.61055568524275e-05,1.12613977457118e-05,3.88849636265411e-05,-4.29873784697497e-05,5.51869345862472e-05,5.35430364593267e-06,1.71514485481861e-05,3.68643763385229e-06,7.86610141176743e-06,-3.60745587530965e-05,2.61170373796221e-05,-6.71981548797233e-06,1.50366358328773e-05,-3.03517781676891e-05,-1.21316117451281e-05,-8.43706014094919e-05,5.24111786519913e-05,-9.04776950035083e-05,6.38442774339865e-05,-5.8538065481153e-05,7.37850102067686e-05,-0.000104473705125131,7.8901462852719e-05,-2.19396503657649e-05,-3.04000984077337e-05,1.8325350094621e-05,8.24596391633501e-05,-2.33413777169625e-05,1.00424191984421e-05,-1.20913571742568e-05,1.20849529537411e-05,0.0301266105529868
"kabwe","beta24",-3.4366152265874e-05,-3.29971904786235e-05,-1.96955330639987e-06,4.30398249207503e-05,-6.84891924874159e-05,4.30376460933597e-05,-7.69827067101253e-06,-1.23674941322887e-05,1.18096683028451e-05,5.19017572536153e-05,-6.1471303934652e-05,1.19616608740618e-06,-8.56394529133394e-05,-1.08853228676926e-05,1.65499310051649e-05,2.05815205777255e-05,-0.000111965500814914,0.000184857297716036,-0.000141329074395792,6.32162512993976e-05,-1.62947237535121e-05,-3.58074991707348e-05,3.4734819853968e-05,-0.000129989171693508,8.04622133635519e-06,-1.98386112431469e-05,-6.14727279024417e-06,-6.37532286685756e-06,3.95614542923261e-05,-2.80606086139493e-05,1.45651491462202e-05,-4.70318628546012e-05,5.47143400340996e-05,4.33674767839199e-05,0.000102659226649911,-7.85289810425798e-05,0.000140281934454987,-0.000160001092337728,0.000160457859413733,-0.000156310346555175,0.000188958738709829,-0.000156706756125684,4.28421089125576e-05,8.66389098842621e-05,-8.10534571056314e-06,-0.000133402893164895,2.99217606871905e-05,1.40380461078322e-05,9.69323265804219e-06,-5.30396007684784e-05,-0.0578418786776464
"kabwe","beta25",1.97092783437648e-05,2.05319826027093e-05,-3.42694270180728e-07,-2.68973936914347e-05,3.10154893241443e-05,-9.5381376059146e-06,-5.68497368627991e-06,1.43178412367787e-05,-1.76974613673059e-05,-8.592255986851e-06,2.19521288292438e-05,1.45152080947601e-05,5.53054811838119e-05,5.38964234297338e-06,-1.93002651990606e-05,-9.40287108301398e-06,7.16201259612622e-05,-0.000141329074395792,0.000151169993132147,-8.99293496353183e-05,3.07018205780929e-05,8.7909103465324e-06,-3.30579592553703e-05,0.000105833505033123,1.80691147608692e-05,2.43231032713472e-05,6.54580501368931e-06,-1.96002578669988e-06,-1.47839861262592e-05,4.78773678245827e-06,1.79510686217081e-05,2.11944602155124e-05,-3.0612074527316e-05,-2.65603278100231e-05,-4.51827838172824e-05,4.32361180168658e-05,-8.34535389750117e-05,0.000143197974581386,-0.000100616361529871,0.000132501435770688,-0.000174187642339833,0.000142503055632738,-5.62095839585575e-06,-6.04179090386705e-05,3.58054400056338e-05,6.05442740314242e-05,-1.90033060262342e-05,-1.91263848056999e-05,-3.23618151292848e-06,2.3331443973025e-07,0.0488859317311592
"kabwe","beta26",9.03472827893586e-06,-1.62179136258088e-06,6.48984590808202e-06,1.47907534143528e-05,-1.66007291782537e-05,2.20430874056315e-05,-3.62451157467122e-05,-2.12890219560099e-06,2.85795072798054e-05,-1.46772627574463e-05,-2.45561772921528e-06,-1.29455261687615e-05,-1.10509205607841e-05,6.79627053191599e-06,2.59262339826464e-06,1.72957699097441e-05,-3.61055568524275e-05,6.32162512993976e-05,-8.99293496353183e-05,0.000107254831591451,-7.17390290531773e-05,2.17462997845639e-05,4.64046859290335e-05,-4.3282100953623e-05,-3.09748053767509e-05,-2.24462960858228e-05,3.46875463257363e-06,2.49569924903674e-05,-1.11882380120843e-05,3.50727592445195e-05,-3.25587410425613e-05,1.87986941266786e-05,8.24868027277236e-06,1.30496339383522e-06,1.33784006347302e-05,1.8208980374781e-05,6.43717269135885e-05,-0.00010489062687568,7.67540978189458e-05,-7.28069170392019e-05,9.83547100030255e-05,-4.97446476265e-05,-4.38802221468123e-06,3.5108868967663e-05,-2.76527370200494e-05,-2.48729357604101e-05,-2.11224361305319e-06,1.92733475069221e-05,-2.82957835952028e-06,-2.40434642147241e-05,-0.0202422949178208
"kabwe","beta27",-2.2498154387795e-05,-2.70909326525846e-05,3.03284007766796e-06,1.94067479428403e-06,-2.67056396128354e-05,-1.60427424639978e-05,6.24076723955193e-05,-3.09219503350107e-06,-2.4420335624742e-05,5.32759667108408e-05,-6.13024468301515e-05,3.21414850759077e-05,-1.64546288446671e-05,-3.0715993110036e-05,2.28184639910028e-05,-2.51768226089267e-05,1.12613977457118e-05,-1.62947237535121e-05,3.07018205780929e-05,-7.17390290531773e-05,0.000144146297183385,-0.000152804684579133,3.66663163623703e-05,7.45751485132747e-05,-1.2162108580407e-05,-2.15379030030192e-06,5.46133982835401e-06,-4.23290053756781e-05,5.62458140396084e-05,-6.52635249484157e-05,2.28634616073019e-05,7.96122380067157e-06,-9.60052025523802e-07,-3.58593142689554e-05,-4.92187433303324e-06,2.24519847224361e-05,-8.0241936852813e-05,7.39786064168297e-05,-5.65779141238393e-05,-1.91741709892112e-06,-6.05489669279818e-06,1.80354968348346e-05,-9.24840269154479e-06,-4.46560908874565e-05,-1.24431368483034e-05,3.3376384395908e-05,1.24785834346425e-05,-5.43800773704959e-05,1.66624308494403e-05,0.000125257776800137,0.00667044568422001
"kabwe","beta28",1.57773696155849e-05,5.3026793834141e-05,-5.47054478890998e-06,-3.29547884343597e-05,0.000113564768096277,-4.59990058530296e-05,-4.36360388009491e-05,-3.47160782019896e-05,6.91226608028838e-05,-0.000146746102718399,0.000174913128163423,-7.1707256784455e-05,3.49918503474956e-05,5.35933794630822e-05,-2.96144537836275e-05,1.56595603893144e-05,3.88849636265411e-05,-3.58074991707348e-05,8.7909103465324e-06,2.17462997845639e-05,-0.000152804684579133,0.000377369014362444,-0.000212552197195695,-4.58633887750173e-05,-4.47613194205244e-05,0.000117103047850628,-5.59969717121405e-05,9.21645131249839e-05,-0.000123959921250853,0.000110114229607686,-2.82903360381337e-05,-1.76687272999815e-05,-3.28299327751713e-05,6.22600466284034e-05,-8.94511979053984e-05,-1.95097439886901e-05,-1.8869353848577e-05,6.56977648426911e-06,-5.26259857729017e-05,0.000160370689468798,-0.000149940732551494,9.17388618927305e-05,-7.55110761680802e-05,-1.61885469761948e-05,3.34560691125217e-05,1.12522804539434e-05,-5.90404648021982e-05,0.000136666751009588,-5.42034545268045e-05,-0.000177034799944271,-0.00194093859767013
"kabwe","beta29",-1.04605050450442e-05,-5.59182329266943e-05,1.04932647828157e-05,2.12139056336551e-05,-5.86523032058638e-05,3.71163376538365e-05,-1.9774953572901e-05,3.55296927778852e-05,-2.3746803182456e-05,6.06888096786175e-05,-5.99780811234905e-05,3.62529277506936e-06,-8.87133165267529e-05,3.68164526863668e-06,-1.9194685828376e-06,1.28009959399447e-05,-4.29873784697497e-05,3.4734819853968e-05,-3.30579592553703e-05,4.64046859290335e-05,3.66663163623703e-05,-0.000212552197195695,0.000333241126378183,3.74963834674815e-05,-0.000173902845515098,-6.75872122592777e-05,2.27405746410773e-05,-2.02766136768416e-05,4.08236144146141e-05,-1.41180955117259e-05,-2.43329693247498e-05,8.18472164611444e-05,3.49026029744741e-06,-2.80356000578659e-05,3.76019501849611e-05,-9.03320805143883e-05,0.000231082755699459,-0.00011756585671579,-1.34117079584874e-05,-1.20570525255437e-05,0.000125397766480345,-3.2372637924016e-05,-3.34749413976761e-05,5.02023980082921e-05,-5.4087084109536e-05,2.92812549980834e-05,5.24764948015679e-05,-0.000121891111453397,5.65795571062738e-05,6.53851724816502e-05,-0.021178998883567
"kabwe","beta3",2.40580827959519e-05,-4.62160733668428e-05,-8.92389923829505e-06,-1.41012283817307e-05,3.1216520111627e-05,1.62748986499556e-05,-8.42620750199811e-05,9.36859529150217e-06,2.13808061328035e-05,6.76881187812431e-05,-7.45709184047748e-05,4.67262605078426e-05,5.84799840882595e-05,-3.61589034063402e-05,4.7513496853804e-05,-4.59470013063169e-05,5.51869345862472e-05,-0.000129989171693508,0.000105833505033123,-4.3282100953623e-05,7.45751485132747e-05,-4.58633887750173e-05,3.74963834674815e-05,0.000548560486726432,-8.02913464456749e-05,-3.75062373669023e-05,4.67479257060846e-05,-4.35754977517564e-05,-8.72171987938164e-06,1.85320597203156e-05,-6.77290937176788e-05,0.000161656660255857,-4.99038604055282e-05,-7.68094132114138e-05,-0.000105251399195251,0.000101914197468814,-0.000284510059493936,0.000261915876615398,-0.000163877508890402,0.000134158993698185,-0.000179071854152798,0.000288053258755189,-0.000203142443980975,-0.000123724980922391,-0.000117992213826245,0.000132983961337968,-7.04252410076969e-06,-0.000113363617289532,6.05749268368541e-05,0.000197044051663852,0.0917986612166305
"kabwe","beta30",5.95929570662435e-05,2.67574666539478e-05,-4.04598533314566e-05,1.70152769709077e-05,-6.2081905074187e-05,9.19422651089981e-05,-2.45792836140841e-06,-5.58163483120342e-06,-1.79708403159931e-05,3.55181436791449e-05,-9.75197430896464e-05,9.39529718546993e-05,8.44933950090249e-05,-7.38198855933121e-05,6.37111879478099e-05,-2.78568536771077e-05,5.35430364593267e-06,8.04622133635519e-06,1.80691147608692e-05,-3.09748053767509e-05,-1.2162108580407e-05,-4.47613194205244e-05,-0.000173902845515098,-8.02913464456749e-05,0.000453306018505329,-0.000272059825646212,0.00015425427203321,-0.000119339585490916,6.56578464275951e-05,-4.9374780301004e-05,7.40243701594235e-05,-0.000117488838293991,7.7738962103793e-05,4.11398811715537e-05,8.89923880091695e-05,8.85354950228398e-05,-0.000120146603364359,-4.04124994636983e-05,0.00024376037151374,-0.000107665835337255,-3.78987676453836e-05,-3.72523393279282e-05,0.000217992267608489,3.04084270463549e-06,2.4923326920082e-05,-0.000106565147317252,-2.67701821141168e-05,8.70009459257062e-05,-1.08151304500274e-05,-5.95133707210737e-05,0.0145234152172065
"kabwe","beta31",-4.47739135857322e-05,4.06098580248811e-05,2.17287842983095e-05,-1.77985501243394e-05,7.42763276576783e-05,-0.000123072379980193,5.37247034175773e-05,-3.05407214965977e-05,2.81715847796963e-05,-0.000100101066878866,0.000153774642533148,-8.24237660148009e-05,1.98589843745755e-05,6.57574249447088e-05,-8.7539413203673e-05,4.05592381869708e-05,1.71514485481861e-05,-1.98386112431469e-05,2.43231032713472e-05,-2.24462960858228e-05,-2.15379030030192e-06,0.000117103047850628,-6.75872122592777e-05,-3.75062373669023e-05,-0.000272059825646212,0.000486264001204524,-0.000265249513699287,0.000174623367330178,-6.92757230921849e-05,4.69616802254161e-05,-1.9736265752006e-05,4.65363690938064e-05,-7.58902675407277e-05,4.18625630566976e-06,-6.08030344005048e-05,4.55596554559643e-05,-6.29617735592168e-05,0.000172614143995565,-0.000166028704474422,5.27974979853465e-05,3.41916467567781e-05,-2.25196513959994e-05,-4.42549115679839e-05,-3.18710136510684e-05,6.88031190963838e-05,3.08721481234132e-05,6.6057209920724e-06,1.51102046176777e-05,-4.61454132616463e-05,-9.44339320757451e-05,0.0159240124756705
"kabwe","beta32",4.80146388537781e-05,-5.83601529218689e-06,-1.30780623721599e-05,-1.97123579604015e-06,-2.67148875776551e-05,8.98253509257045e-05,-5.28091142167033e-05,1.15613430367286e-05,2.45972046523952e-06,4.15901008581501e-05,-9.08204856247894e-05,6.46273281248732e-05,2.97924457473796e-05,-4.93797780323588e-05,6.28545906915793e-05,-3.09195791287822e-05,3.68643763385229e-06,-6.14727279024417e-06,6.54580501368931e-06,3.46875463257363e-06,5.46133982835401e-06,-5.59969717121405e-05,2.27405746410773e-05,4.67479257060846e-05,0.00015425427203321,-0.000265249513699287,0.000215075642390593,-0.000166733696529097,7.13378877914382e-05,-3.21395340778442e-05,1.70578320128783e-05,-2.08038571217009e-05,4.08381308917983e-05,-5.37549943796363e-06,1.74735145526642e-05,3.80963326073468e-05,-4.25391174659047e-05,-0.000114954472593657,0.000169401777801178,-1.6301578866984e-05,-8.63618634043636e-05,4.1082816376683e-05,6.77472453360386e-05,1.42830998669514e-05,-2.38273183929675e-05,-2.06984785659394e-05,-3.03115310727023e-05,2.55784493651249e-05,6.03824730943476e-06,6.67715581650753e-05,0.00611556524863091
"kabwe","beta33",-2.04483461575363e-05,-2.05726680417139e-08,1.55582467867487e-05,5.58181023031337e-06,2.02500646886109e-05,-7.3621252164764e-05,3.65159194339812e-05,-1.54213124488873e-05,8.5248427075852e-06,-3.70514293143323e-05,8.53251454707426e-05,-6.74708487374699e-05,1.46265526324629e-05,5.92085248769393e-05,-6.17279631599693e-05,3.27642457004298e-05,7.86610141176743e-06,-6.37532286685756e-06,-1.96002578669988e-06,2.49569924903674e-05,-4.23290053756781e-05,9.21645131249839e-05,-2.02766136768416e-05,-4.35754977517564e-05,-0.000119339585490916,0.000174623367330178,-0.000166733696529097,0.000238201323662818,-0.000174316098774725,9.16481219335181e-05,-1.08563415313544e-05,1.44298867679076e-05,-1.61918100832441e-05,1.79930710031466e-05,-6.53825772564127e-05,3.44557227128321e-06,8.34413869173189e-05,3.93924438128387e-05,-8.00428606564412e-05,5.78359601106288e-05,2.31486261481771e-05,7.57434241222015e-05,-9.84473480936181e-05,5.46149029075769e-05,3.49447043699678e-05,8.44158416812181e-06,7.7037524826217e-06,3.10546431460436e-05,-2.46257901105728e-05,-0.000201730735309783,-0.00693843485408498
"kabwe","beta34",-1.03480437734498e-05,-9.55909985372964e-06,-2.18188527871677e-05,1.91779711717926e-05,-5.3164162169642e-05,7.80485897537404e-05,-4.37185869436529e-05,1.78185032096224e-05,6.35002129708939e-06,3.93150886352103e-05,-0.00010913371224171,6.89194551635954e-05,-3.75816865072465e-05,-5.05886994741655e-05,4.58135871340348e-05,-1.57803893106268e-05,-3.60745587530965e-05,3.95614542923261e-05,-1.47839861262592e-05,-1.11882380120843e-05,5.62458140396084e-05,-0.000123959921250853,4.08236144146141e-05,-8.72171987938164e-06,6.56578464275951e-05,-6.92757230921849e-05,7.13378877914382e-05,-0.000174316098774725,0.000235818233076648,-0.000152710611648134,4.74003441254611e-05,-9.85706672833649e-06,2.35401965806574e-05,-3.45565425604578e-05,0.000119603641354164,2.42714796472211e-05,-5.17655534861861e-05,3.66478550623101e-06,6.49158858939337e-05,-0.000110066776192685,9.12906208197302e-05,-0.000114498749850961,0.000115197783925596,-7.53291439146203e-05,-3.49151556269853e-05,-1.67099699623798e-05,1.38250827072128e-05,-6.70005602512638e-05,3.42882982777066e-05,0.000187608266405941,-0.000239702529928479
"kabwe","beta35",2.94683694393873e-05,2.58050192248743e-05,2.98826084826715e-05,-1.92582594645842e-05,4.41606832249659e-05,-5.64183302983347e-05,1.97904060590451e-05,-7.4961050030291e-06,2.20482501641052e-05,-8.44860318004154e-05,0.00010261464516607,-3.8819638544421e-05,1.2402684771512e-05,2.10947466558267e-05,-2.79296559478101e-05,2.14914139088406e-05,2.61170373796221e-05,-2.80606086139493e-05,4.78773678245827e-06,3.50727592445195e-05,-6.52635249484157e-05,0.000110114229607686,-1.41180955117259e-05,1.85320597203156e-05,-4.9374780301004e-05,4.69616802254161e-05,-3.21395340778442e-05,9.16481219335181e-05,-0.000152710611648134,0.000171180614217733,-8.93955717113413e-05,6.90307646173454e-05,-6.28774395457466e-05,5.78654576110557e-05,-6.69988879749001e-05,-3.03094381145892e-05,6.94959704479865e-05,-4.89220924286694e-06,-2.07206620165033e-05,3.50471365489999e-05,-3.61082953183101e-05,6.07350105199492e-05,-4.4757942900624e-05,3.45614161155882e-05,2.44442053584599e-05,9.67987904958e-07,-3.62605800282425e-05,7.18481468680286e-05,-3.77736000909108e-05,-0.000118018228748759,0.00522326544655402
"kabwe","beta36",1.25138395849532e-05,-1.74088875847614e-05,-3.77958326039755e-05,3.23233289686628e-05,-4.15004120057572e-05,4.49740584175552e-05,4.21527393312798e-07,-2.70294514917079e-05,-9.67937631559926e-06,4.6198441827673e-05,-2.82371587276882e-05,1.13454339511887e-05,1.01223552555423e-05,1.30863250583001e-05,-2.56405345628841e-06,-1.11890348732749e-05,-6.71981548797233e-06,1.45651491462202e-05,1.79510686217081e-05,-3.25587410425613e-05,2.28634616073019e-05,-2.82903360381337e-05,-2.43329693247498e-05,-6.77290937176788e-05,7.40243701594235e-05,-1.9736265752006e-05,1.70578320128783e-05,-1.08563415313544e-05,4.74003441254611e-05,-8.93955717113413e-05,0.000148524024739885,-0.000157335306072915,0.000125819603167968,-4.92406208138324e-05,4.24888613903705e-05,7.50373960803748e-05,-1.89242697059941e-05,-1.28571919627514e-05,0.000105328627020327,2.58227379353971e-05,-2.51637704313335e-05,1.62431364225662e-05,7.77072110214808e-05,5.02762388929947e-05,3.50498235771278e-05,-5.2919093936631e-05,4.7009646984032e-06,5.00953416988725e-06,1.78981686587172e-05,-0.000111160693678987,-0.00985179267010605
"kabwe","beta37",8.88426315260103e-08,2.43091275291269e-05,6.77528644015455e-05,-3.13839044582762e-05,4.67221863960528e-05,-2.47469104114593e-05,-6.90409917274753e-05,5.28472312278511e-05,1.54632225743088e-05,-6.07712892773362e-05,4.69102017124488e-05,-1.13073585812107e-06,-1.12569473579009e-05,-3.80298391512606e-05,2.62245890778651e-05,4.41555581989432e-06,1.50366358328773e-05,-4.70318628546012e-05,2.11944602155124e-05,1.87986941266786e-05,7.96122380067157e-06,-1.76687272999815e-05,8.18472164611444e-05,0.000161656660255857,-0.000117488838293991,4.65363690938064e-05,-2.08038571217009e-05,1.44298867679076e-05,-9.85706672833649e-06,6.90307646173454e-05,-0.000157335306072915,0.000337757449199279,-0.000269564265243516,0.00011304514045969,3.31222382369525e-05,-5.40282578114902e-05,7.2576922379301e-06,9.18931289459865e-05,-0.000117071581779479,4.60799248136882e-05,-6.99350048671681e-06,0.000116337609293986,-9.42146908660082e-05,-8.21438504821493e-05,-8.83390200049723e-05,0.000101353537237221,-2.69758218745041e-05,-3.73153099465598e-05,-2.75969624026576e-05,0.000122187730008223,0.0420646694272245
"kabwe","beta38",3.04231600564312e-06,-5.22650281755755e-05,-9.21450055145368e-05,4.47450771613203e-05,-6.63378786442245e-05,7.76523911164692e-05,-9.47741337350565e-07,-4.22001376349938e-05,-1.06180296553148e-05,0.000137512122929082,-0.000131318624965648,3.04230462195226e-05,-2.85826887560405e-06,2.89667053349291e-05,3.87183443858355e-06,-1.64814870645332e-05,-3.03517781676891e-05,5.47143400340996e-05,-3.0612074527316e-05,8.24868027277236e-06,-9.60052025523802e-07,-3.28299327751713e-05,3.49026029744741e-06,-4.99038604055282e-05,7.7738962103793e-05,-7.58902675407277e-05,4.08381308917983e-05,-1.61918100832441e-05,2.35401965806574e-05,-6.28774395457466e-05,0.000125819603167968,-0.000269564265243516,0.000404100582513728,-0.000257011958058801,-5.52783818588545e-05,9.97603848708905e-05,6.32519935122422e-05,-0.00015643586008723,0.000148263614574388,4.97435906478225e-05,-1.4790325261938e-05,-1.30249989662217e-05,8.1712621315017e-05,8.21839270283595e-05,3.69608392762944e-05,-7.89474344524887e-05,5.36751282465907e-05,-3.27516116420347e-06,5.90153131243252e-05,-0.000101887628178208,-0.0428601296247399
"kabwe","beta39",-3.1335287831173e-05,2.1604423999407e-05,3.37166348548967e-05,-1.8743411429562e-05,1.09955613204439e-05,-4.70296988964171e-06,-4.96968189223224e-06,2.37762125396529e-06,1.91582885009677e-05,-7.71677134982194e-05,6.41211457511187e-05,6.45877021882755e-06,-4.99914869741215e-05,-2.68189724420035e-05,-9.49274876917427e-06,2.32407878018744e-05,-1.21316117451281e-05,4.33674767839199e-05,-2.65603278100231e-05,1.30496339383522e-06,-3.58593142689554e-05,6.22600466284034e-05,-2.80356000578659e-05,-7.68094132114138e-05,4.11398811715537e-05,4.18625630566976e-06,-5.37549943796363e-06,1.79930710031466e-05,-3.45565425604578e-05,5.78654576110557e-05,-4.92406208138324e-05,0.00011304514045969,-0.000257011958058801,0.00050731495498769,5.49131627934018e-05,-0.000268603473377348,4.15463447788923e-05,3.41602521753669e-06,4.36485416607916e-05,1.22790922526184e-05,9.16206671998946e-05,-6.49056714550334e-05,6.02374225897201e-05,1.18167255589899e-06,3.63072406564973e-05,-2.05420642953744e-05,-5.66297585914635e-05,9.00757363012086e-05,-5.00683613508925e-05,-0.000187245519621137,-0.0017314960148994
"kabwe","beta4",1.54484188412729e-05,1.43414998611638e-05,3.93698322687542e-05,6.24474749637195e-05,-7.35644966426126e-05,6.72800090278693e-05,-0.000105547520814209,5.74926965390734e-05,-1.97386205154286e-05,2.75696845385545e-05,-3.86019063733178e-05,5.4294081542979e-05,-0.000119760305590792,-5.65938918611408e-05,3.57038645829718e-05,6.33187588055198e-06,-8.43706014094919e-05,0.000102659226649911,-4.51827838172824e-05,1.33784006347302e-05,-4.92187433303324e-06,-8.94511979053984e-05,3.76019501849611e-05,-0.000105251399195251,8.89923880091695e-05,-6.08030344005048e-05,1.74735145526642e-05,-6.53825772564127e-05,0.000119603641354164,-6.69988879749001e-05,4.24888613903705e-05,3.31222382369525e-05,-5.52783818588545e-05,5.49131627934018e-05,0.000557007798961616,-7.83947051588657e-05,0.000100519614712271,3.5998770166729e-05,0.000135325603155482,-0.000136652814397795,0.000105719041149704,-9.48561730423664e-05,8.84072601309038e-05,6.65026445703182e-05,-7.41917447764018e-05,-0.000161783226026413,-4.79613506429975e-05,-6.88163431622543e-05,2.61391874680276e-05,-3.36681737501464e-05,0.0254510455067835
