"region","name","alpha_D","beta1","beta10","beta11","beta12","beta13","beta14","beta15","beta16","beta17","beta18","beta19","beta2","beta20","beta21","beta22","beta23","beta24","beta25","beta26","beta27","beta28","beta29","beta3","beta30","beta31","beta32","beta33","beta34","beta35","beta36","beta37","beta38","beta39","beta4","beta40","beta41","beta42","beta43","beta44","beta45","beta46","beta47","beta48","beta5","beta6","beta7","beta8","beta9","p_G_D","start_date"
"kabwe","alpha_D",0.000154024794507276,-5.98736280005332e-07,-4.59364768131659e-05,1.15610098608006e-05,2.29103735074962e-05,-2.90594840680382e-05,1.35329078468586e-05,-3.71121246635367e-05,2.24125557577055e-05,2.02764124902323e-05,-2.29952633526591e-05,2.06846351995483e-05,1.52552913358149e-05,-1.33565393266656e-05,-5.8677644095954e-06,1.46367343352193e-05,1.77951895569098e-05,-3.37272083717158e-05,2.33065724990403e-05,-2.01574697870912e-05,-2.08624146541656e-05,4.79832264843159e-05,2.22874765097639e-05,-9.27934297343894e-06,-2.8228570157657e-05,2.13587983092789e-06,1.63481369282716e-05,-7.78411562655667e-07,-5.61318366021275e-06,2.83485022584289e-05,-3.90057287512741e-05,5.94241740263066e-05,-8.16787856513789e-06,-3.38962018853063e-05,4.39340529787253e-05,-1.64548267912786e-05,2.17712508902186e-06,7.67736789951925e-05,-4.92526552764025e-05,4.38669740077815e-05,-2.13720196223799e-05,4.14434990007823e-06,-2.93746671816925e-05,-9.95584813494657e-06,2.18611488527014e-05,7.07475355403968e-06,-1.60948827564489e-05,-1.78424594729066e-05,4.22334625889644e-05,1.54903478286363e-05,0.015851558409565
"kabwe","beta1",-5.98736280005332e-07,5.87129614753024e-05,-1.77727911180359e-05,1.92282174271598e-05,-1.01160494198964e-05,1.46297396313502e-05,6.57825120357176e-07,-4.83287468461851e-06,-4.6123676900123e-06,1.07824246939216e-05,-1.60438532692e-05,7.34890420090465e-06,-7.46311800882034e-07,-8.19273138648432e-07,-1.01241214505557e-05,6.38527673799745e-06,6.4951166559845e-06,-1.29658794560481e-05,8.31458069856708e-06,-4.83285079227703e-07,-1.08248583757098e-05,-1.25066615952807e-05,5.05313359504707e-05,-3.47049188967545e-06,-1.71806000016312e-05,-3.29061312904376e-05,3.10845616868874e-05,-2.56360025591357e-05,4.07845605052616e-06,1.19961993410506e-05,-1.50488709168904e-05,3.27340882025255e-05,-4.59021718071349e-05,-2.28424007324735e-05,-3.1348062186656e-05,4.83540995262482e-05,1.41978614263135e-05,-1.13790409252484e-05,1.11290634656297e-05,1.59367061073502e-05,-3.63501027182968e-05,3.94925072456706e-05,-1.82161023843532e-05,-1.55382099997231e-05,7.66400299924663e-06,-2.04780128602973e-06,1.71099943425668e-05,2.46075490136582e-06,-2.35842958333696e-06,-5.40230886461543e-05,0.00611771921580265
"kabwe","beta10",-4.59364768131659e-05,-1.77727911180359e-05,0.000197265743923446,-0.000103174224106637,2.39823660101315e-05,-4.13241057844808e-05,5.06798345204521e-05,-1.63459785783826e-05,-1.65326832849272e-05,4.61654975559622e-05,-1.25470800650683e-05,7.89044411318641e-06,3.9805944542383e-05,-1.68994458204496e-05,2.77683974855422e-05,-1.8253211757582e-05,-3.95139055817638e-08,1.29568178426104e-05,-3.04648250178296e-06,1.01702604105621e-05,-1.6473556842739e-05,1.35721451296831e-05,-8.02478632864203e-05,2.86549872445659e-05,0.000102665792092346,-5.04936569887005e-05,-2.10720764975293e-05,3.29232599624072e-05,3.98439217606123e-07,-9.16422448024026e-06,-3.52667823131082e-06,2.24498832397663e-06,1.71452501551419e-05,0.000106290581609072,-2.24860307808327e-05,-7.09997229141969e-05,-0.00010654690652668,8.73021294180127e-05,3.00426321993722e-05,-4.50539077148683e-05,5.04762070720921e-05,-4.93171284033548e-06,4.02763589404147e-05,-6.13946146277555e-06,1.58342796372702e-07,-7.86765671471345e-06,-3.79706415097451e-05,4.16868938018162e-05,-0.000104978465879671,-3.53410913632107e-05,0.00243777331242468
"kabwe","beta11",1.15610098608006e-05,1.92282174271598e-05,-0.000103174224106637,0.000104620043521304,-5.32485453441579e-05,3.9567603136608e-05,-2.83917020453805e-05,1.59131019393592e-05,2.37416154638101e-06,-4.6451843171021e-05,2.61413397248338e-05,-9.08655172382151e-06,-4.76909385965664e-05,8.35823273547599e-06,-4.85978169069619e-06,1.09848520925165e-05,-1.80379821773917e-05,1.09070080773124e-05,-4.03362484076235e-06,-2.74533641173841e-06,-1.28111756606176e-05,-2.09070718232994e-05,5.34642784611105e-05,9.54861086430089e-06,-5.59825532366051e-06,-1.47745499438658e-05,3.38023589002658e-05,-3.72849459042975e-05,9.96117713153514e-06,-3.96190314664486e-06,-1.31030437728917e-06,-1.23276428631089e-05,-2.80941793853732e-05,-4.17284020201427e-05,-1.54426204475654e-05,7.89752105062846e-05,3.38255674737628e-05,-8.33537012793772e-05,-1.47048249737836e-05,2.70131541273566e-05,-4.62512616930452e-05,8.63560331924667e-06,-4.46398608577094e-06,-6.6693389714234e-05,4.0088051847296e-06,-3.44286638251866e-05,4.04676529531989e-05,-1.4268320186049e-05,3.5365467763386e-05,-2.46265078638482e-05,-0.00910235670964742
"kabwe","beta12",2.29103735074962e-05,-1.01160494198964e-05,2.39823660101315e-05,-5.32485453441579e-05,7.51439435241305e-05,-6.45078976789464e-05,1.78387999718021e-05,-1.82928586695927e-05,1.15289769902827e-05,3.90527944336701e-05,-3.04121549429849e-05,9.47404500507487e-06,2.93199645685899e-07,-1.00246387829714e-05,7.02015617423482e-07,-5.63187003778224e-06,2.15678003824906e-05,-1.88495027269012e-05,4.6254413855237e-06,3.10273367159337e-06,5.99138562667866e-07,3.7503291648367e-05,-2.28614290166898e-05,-2.86023960950609e-05,-4.01785942151588e-05,2.15728136822301e-05,-1.85131242940411e-07,8.88570096854931e-06,-2.55075124726526e-05,2.38358906171967e-05,-1.71778311830219e-05,3.37087591293148e-05,-3.96706593515764e-06,-2.52535562995996e-06,3.55334390098716e-06,-6.91543630334064e-05,1.36894144551819e-05,7.39705797748118e-05,-2.07340220678717e-05,-2.84075107476999e-05,7.50382433058645e-06,2.1033491540208e-05,-6.06459336303479e-05,7.16689916233775e-05,1.80160499276767e-05,3.34490393909033e-05,-2.25222748088065e-05,-3.57261789034592e-06,-5.66318551659085e-06,0.000102973782622285,0.000154167604615991
"kabwe","beta13",-2.90594840680382e-05,1.46297396313502e-05,-4.13241057844808e-05,3.9567603136608e-05,-6.45078976789464e-05,0.00012706296609455,-9.11573497683947e-05,3.99881145607761e-05,-1.01874159671769e-05,-5.11006921338362e-05,2.85643546507273e-05,-1.1074242928413e-05,7.72531214204174e-05,1.35471834335773e-05,-5.27221932116061e-06,4.1199605590183e-06,-2.47138790189104e-06,5.33386980607519e-07,-1.66781898933813e-06,4.01625957086669e-06,1.04855235845812e-05,-7.64195872262329e-05,8.763445614913e-05,-1.29453846025007e-06,9.80262864141286e-06,-2.226574878703e-05,-9.14321281435396e-06,1.19056651166659e-05,4.65018369956261e-06,-1.46235965088594e-05,2.37466258749949e-05,-3.0236633285847e-05,-2.81859596719613e-05,2.31835877242056e-05,-9.19728676362774e-06,7.25345067951277e-05,-2.36883904656452e-05,-6.2702363389261e-05,1.50767188471773e-05,-2.88793897393767e-06,2.52266780727518e-05,-4.20308318026288e-05,3.77915387914736e-05,-5.48157407801494e-05,-3.10046488036508e-05,-3.01950863563189e-05,9.76021917594486e-06,1.52215618781114e-05,1.56025904901838e-05,-2.43277520845994e-05,0.00692425520587434
"kabwe","beta14",1.35329078468586e-05,6.57825120357176e-07,5.06798345204521e-05,-2.83917020453805e-05,1.78387999718021e-05,-9.11573497683947e-05,0.000170799770277759,-0.000101950623284985,-2.73334085925151e-05,8.91660591084944e-05,-2.42292279529156e-05,2.69640403051163e-05,-2.23147051034143e-05,-3.46763364496429e-05,1.16236262071825e-05,1.32633505091757e-05,-1.89389593416558e-05,1.79568037169556e-05,4.39917926064012e-06,-1.54962936182477e-05,-1.32568435458233e-05,5.33802460646822e-05,-8.41180111208241e-05,-3.53035418924319e-05,4.1502978298579e-05,-7.85938440012776e-06,7.8377466204193e-06,-4.12474481913508e-05,4.77509858098787e-05,-9.42686794288516e-06,-2.68693864379345e-05,3.79832243997555e-05,2.50944569183847e-05,1.53158912132827e-05,2.14063388986672e-05,-9.9765205266565e-05,4.77128308935209e-05,-1.4252224651749e-06,4.94664127259603e-05,-1.6212073045747e-05,1.47943437275384e-05,-1.58810315794051e-05,4.34374865660738e-05,1.75385198258765e-05,6.14794914454321e-05,-3.64506068948492e-05,-1.44324494443237e-06,1.60232604222767e-05,-3.03032177891077e-05,-0.000102108937981316,-0.00213888378466489
"kabwe","beta15",-3.71121246635367e-05,-4.83287468461851e-06,-1.63459785783826e-05,1.59131019393592e-05,-1.82928586695927e-05,3.99881145607761e-05,-0.000101950623284985,0.000123232100636791,-2.85359701119495e-05,-5.13906827773374e-05,1.89697443712648e-05,-2.99958727134971e-05,-2.6140170682835e-05,3.22282381652937e-05,7.93922218122022e-06,-3.16935281120375e-05,1.28204453666159e-05,-2.26977963187104e-06,-7.8120850799421e-06,1.44543717207196e-05,1.15825319447118e-05,-3.90163692659951e-05,3.91042050235825e-05,3.88247950285041e-05,-3.93571174919091e-05,4.44044279944661e-05,-2.47632304740885e-05,1.83451535527056e-05,-2.8182201416244e-05,4.24267178180731e-06,2.0665827727297e-05,-3.74242132898414e-05,-1.15350034342538e-05,-1.85729703055293e-05,-3.73997586189385e-05,9.0112780458023e-05,4.78859561820106e-06,-7.34868253941014e-05,5.29524969195316e-06,-1.41878141797316e-05,8.61893461284205e-06,2.82874885420058e-05,-5.69703668677808e-05,-2.19000887224925e-06,-5.54584080722632e-05,3.65530228205643e-05,1.63924931285889e-05,-2.84408003118181e-05,1.38657850230288e-05,6.53725836755205e-05,-0.011613580282746
"kabwe","beta16",2.24125557577055e-05,-4.6123676900123e-06,-1.65326832849272e-05,2.37416154638101e-06,1.15289769902827e-05,-1.01874159671769e-05,-2.73334085925151e-05,-2.85359701119495e-05,0.000132530957990781,-0.000126231881750994,1.75770156526412e-05,-5.89202031785853e-07,1.53051949319615e-05,1.64844610085692e-05,-2.7183462779442e-05,1.78412791612586e-05,-2.39220598105663e-06,3.78458551554252e-06,-8.21571903951781e-06,-4.82075733025565e-06,3.07649020375164e-05,1.06131212893319e-05,-5.17232720164677e-05,3.78844746514264e-05,3.96301964822441e-05,-1.98698217461829e-05,7.91876978778073e-06,4.67013249052807e-05,-3.86857210887571e-05,7.63801455453858e-06,2.919585656926e-05,-3.58425802264884e-05,3.30948800868336e-05,-5.64686840924902e-05,1.32284220455405e-05,6.8437716875695e-05,-7.60841756302831e-05,0.000106805039567281,-6.48287014355644e-05,6.7417919710984e-05,-7.49421751524577e-05,2.52177057093807e-05,4.56426219798705e-05,9.22416671941353e-06,-4.05468449147744e-05,3.9797402343128e-05,-4.24949364869939e-06,-1.11248153250507e-05,1.05690655528638e-05,-3.10327511518385e-05,0.00996384628885138
"kabwe","beta17",2.02764124902323e-05,1.07824246939216e-05,4.61654975559622e-05,-4.6451843171021e-05,3.90527944336701e-05,-5.11006921338362e-05,8.91660591084944e-05,-5.13906827773374e-05,-0.000126231881750994,0.000309413911979109,-0.000148112048322877,3.03093183155454e-05,-6.58270180967229e-06,-4.12081819324978e-05,2.94581473806873e-05,-1.79781110227874e-05,3.18544072835975e-05,-2.46635942512941e-05,6.39353597223065e-07,1.03907338479527e-05,-6.77409139885152e-05,5.75717145941852e-05,2.25407051758915e-05,-9.24712078341593e-05,-3.43582940698858e-05,-1.93846491851472e-05,1.47566420125578e-05,-7.54184888658401e-05,5.80739305292106e-05,-4.64376585193142e-06,-4.34667825413734e-05,7.88725828581888e-05,-3.2980761923751e-05,0.000114345797877095,9.88375608093992e-06,-0.000215410733656692,8.1446041275566e-05,-1.00021060650436e-05,8.86507677774436e-05,-0.000128007422664146,0.00013404414904855,-4.91928435841239e-05,-4.56890340067855e-05,4.66345505757051e-05,9.73032676334511e-05,-6.61059626408545e-05,-2.86300183785874e-05,4.28593580688769e-05,-2.99333799148183e-05,7.94109527930181e-05,-0.00725228958881701
"kabwe","beta18",-2.29952633526591e-05,-1.60438532692e-05,-1.25470800650683e-05,2.61413397248338e-05,-3.04121549429849e-05,2.85643546507273e-05,-2.42292279529156e-05,1.89697443712648e-05,1.75770156526412e-05,-0.000148112048322877,0.000161838187204638,-5.96248647401916e-05,-7.56823994992492e-05,1.76256813032154e-05,-1.27917658902483e-05,3.64156526614815e-05,-6.03698016989112e-05,3.44201043477238e-05,6.68794818058362e-06,-3.35457336484025e-06,1.0736684817785e-05,-2.63092004674018e-05,6.82465353174311e-06,4.20568299000473e-05,1.46461546037181e-05,1.39096329952746e-05,-1.03780250746681e-05,2.00314096428729e-05,-8.26575041150617e-06,-9.98123354967859e-06,1.19024792290102e-05,-3.22046356087037e-05,2.06599814946839e-05,-5.36614534793505e-05,2.22893053680732e-05,9.25712709744571e-05,5.9835895809718e-06,-0.000102641466097922,3.37537177590381e-06,4.98896855753632e-05,-6.06524688812254e-05,5.06856965632311e-08,6.42224561450337e-05,-9.94248150377228e-05,-6.95203248091823e-06,-3.20846915619693e-05,3.70820278056569e-05,-2.3140677354786e-05,1.14972375562791e-05,-4.5681489053441e-05,-0.0116890217833126
"kabwe","beta19",2.06846351995483e-05,7.34890420090465e-06,7.89044411318641e-06,-9.08655172382151e-06,9.47404500507487e-06,-1.1074242928413e-05,2.69640403051163e-05,-2.99958727134971e-05,-5.89202031785853e-07,3.03093183155454e-05,-5.96248647401916e-05,9.01720797488163e-05,6.76050208035329e-05,-5.35206030632912e-05,1.14510023037973e-05,-3.8498143213475e-06,2.60247047144505e-05,-2.07912958727561e-05,1.57498318990253e-05,-9.87407761883432e-06,3.08064140804348e-06,1.67749527547769e-05,8.54238318327883e-07,-4.57743892740544e-05,-9.78077029088913e-06,-2.86879734946062e-07,-1.2938726563962e-05,1.54235619131947e-05,2.80284657956643e-05,-2.76775611671135e-06,-1.5401527753204e-05,3.16169612463995e-05,1.14454121844684e-05,4.22095843494007e-05,2.0272350676132e-05,-8.31345304291292e-05,-5.05277247931325e-06,0.000137429732913591,-8.71514189533922e-05,7.75084245532663e-05,-3.51906136496721e-06,-7.50971311490624e-06,-6.40477454768803e-06,7.20711681204102e-05,1.79622853312337e-05,1.90556160476469e-05,-4.45917053320018e-05,1.95853589951752e-05,-3.43103440718405e-07,-2.46737880459684e-05,0.014784470326366
"kabwe","beta2",1.52552913358149e-05,-7.46311800882034e-07,3.9805944542383e-05,-4.76909385965664e-05,2.93199645685899e-07,7.72531214204174e-05,-2.23147051034143e-05,-2.6140170682835e-05,1.53051949319615e-05,-6.58270180967229e-06,-7.56823994992492e-05,6.76050208035329e-05,0.0007426556161923,-5.17351360315969e-06,-1.76995772804569e-05,-1.62106229404273e-05,8.67723643223391e-05,-3.41329718476308e-05,-2.28221737751198e-05,2.47754370434964e-05,-3.65601725492132e-05,-3.32198252672788e-06,-3.5963386022265e-06,-0.000163921561883123,0.000114240140620636,-3.67241085522757e-05,-4.82173813994002e-05,5.67424342966867e-05,-2.25143999967654e-05,5.2338647475948e-08,4.52392122987993e-05,2.90195931103712e-05,-0.000121718005789337,0.0002033030409488,-9.35991072551103e-05,-2.14606034155294e-05,-0.000160429486094446,9.31487925756864e-05,8.41711674593884e-05,-0.000119241145243589,0.000198762918048923,-0.000101763785925048,-4.93962091509005e-05,0.000156116018269369,9.87408798644724e-06,2.72661851407771e-05,-9.49066786407634e-05,7.94860593065995e-05,-2.77367183490877e-05,1.21994417968586e-05,0.0986666282261238
"kabwe","beta20",-1.33565393266656e-05,-8.19273138648432e-07,-1.68994458204496e-05,8.35823273547599e-06,-1.00246387829714e-05,1.35471834335773e-05,-3.46763364496429e-05,3.22282381652937e-05,1.64844610085692e-05,-4.12081819324978e-05,1.76256813032154e-05,-5.35206030632912e-05,-5.17351360315969e-06,8.45791437438703e-05,-4.78758198846666e-05,-4.60748528421827e-06,-7.76254900195618e-06,1.47851881783275e-05,-1.22743930452932e-05,-1.28150378612807e-06,1.588326022925e-05,-1.56643341085296e-05,-2.37133416476831e-06,3.41280181188281e-05,-1.20653237327368e-05,2.01224594470293e-05,-6.86941293814905e-06,9.68931263714547e-06,-2.93341455370704e-05,1.74534761923098e-06,2.26230865730652e-05,-4.01804344889571e-05,-2.27156422462169e-05,-2.35549179434223e-05,-2.3295468203001e-05,6.86942682629581e-05,-1.92060920328807e-05,-6.74947356319768e-05,5.05717347806288e-05,-3.73787634722196e-05,-1.45663779822046e-05,5.29365040457213e-06,-2.5449935372131e-05,-3.33638884341172e-05,-5.14307821341206e-05,2.50806596492938e-05,3.66469338659696e-05,-3.15567990168177e-05,8.83293534720343e-06,3.6244468983259e-05,-0.0061329830131447
"kabwe","beta21",-5.8677644095954e-06,-1.01241214505557e-05,2.77683974855422e-05,-4.85978169069619e-06,7.02015617423482e-07,-5.27221932116061e-06,1.16236262071825e-05,7.93922218122022e-06,-2.7183462779442e-05,2.94581473806873e-05,-1.27917658902483e-05,1.14510023037973e-05,-1.76995772804569e-05,-4.78758198846666e-05,8.60396766219564e-05,-5.62523197895553e-05,2.69888109483637e-05,-1.10910606743685e-05,-1.39392315044123e-06,8.22563924002963e-06,-1.29383562532e-05,5.64957470280377e-06,-1.40473518305625e-05,-1.35423856967205e-05,1.5676495673311e-05,-2.63878536906741e-06,1.82965578565192e-05,-1.81160638997259e-05,9.79514899245658e-08,8.15986874447782e-06,-1.81884506058786e-05,1.757988007145e-05,1.79378088531198e-05,5.31849255743189e-06,-5.30923160325498e-06,-5.29359936009912e-06,9.06005678564588e-06,3.11695013052505e-06,6.39965208457625e-06,-4.30144499712691e-05,4.90360047080981e-05,1.92826878490395e-05,-2.58075780002083e-05,2.20212015913373e-05,1.86913250809472e-05,-4.08658428478227e-06,-1.23900102701284e-05,-3.15838126714309e-06,-6.35687343659532e-06,-3.24102473249445e-06,-0.00758565677833956
"kabwe","beta22",1.46367343352193e-05,6.38527673799745e-06,-1.8253211757582e-05,1.09848520925165e-05,-5.63187003778224e-06,4.1199605590183e-06,1.32633505091757e-05,-3.16935281120375e-05,1.78412791612586e-05,-1.79781110227874e-05,3.64156526614815e-05,-3.8498143213475e-06,-1.62106229404273e-05,-4.60748528421827e-06,-5.62523197895553e-05,0.000104237374591567,-7.69499980962986e-05,3.09793564746651e-05,2.27885171082453e-06,2.07878205777557e-06,-1.67043059127848e-05,-5.06846379295294e-06,3.34220119130264e-05,-7.17005817214244e-06,1.22736449158786e-05,-1.91431844252593e-05,-4.52757332171712e-06,4.28175032869204e-06,2.31289366000274e-05,-1.78673730841534e-05,1.06122625338976e-05,4.06737648044347e-06,7.63332599522199e-06,4.42142435645318e-06,4.25069234535067e-05,-2.5273817286288e-05,1.47105985206358e-05,1.71254449376802e-05,-6.07824405186659e-05,7.51473169866572e-05,-3.73494118023878e-05,-2.49380689607084e-05,8.57631254064338e-05,-4.45497386478714e-05,3.44802883140818e-05,-6.62852689240657e-05,7.08895588216662e-07,3.01642086388651e-05,-8.23542544503226e-07,-4.95920830941064e-05,0.00371720206752797
"kabwe","beta23",1.77951895569098e-05,6.4951166559845e-06,-3.95139055817638e-08,-1.80379821773917e-05,2.15678003824906e-05,-2.47138790189104e-06,-1.89389593416558e-05,1.28204453666159e-05,-2.39220598105663e-06,3.18544072835975e-05,-6.03698016989112e-05,2.60247047144505e-05,8.67723643223391e-05,-7.76254900195618e-06,2.69888109483637e-05,-7.69499980962986e-05,0.000119201122242825,-9.13608992826395e-05,3.16112892722388e-05,-1.18001841332422e-05,1.62755386814579e-05,1.49882376116012e-05,3.65287154750742e-06,-4.52423613223858e-06,-5.1760518944971e-05,2.0045736789759e-05,1.13039305232777e-05,-1.68599676094665e-05,4.30782319802634e-06,1.32263594201513e-05,-8.6975423396303e-06,2.1700434658394e-05,-2.2153157781117e-05,1.87810917703619e-05,-3.0105691529473e-05,4.53954374213513e-06,-5.18595848349647e-05,8.2979961713245e-05,2.61568393690938e-05,-7.9324322380407e-05,7.04617144391152e-05,-2.50137817909677e-06,-7.25370943272569e-05,6.92019269941996e-05,-3.42272391755113e-05,7.39584990234812e-05,-2.69649834542172e-05,-6.36600819726133e-06,9.56335125883705e-06,4.81921557367629e-05,0.0147502816594869
"kabwe","beta24",-3.37272083717158e-05,-1.29658794560481e-05,1.29568178426104e-05,1.09070080773124e-05,-1.88495027269012e-05,5.33386980607519e-07,1.79568037169556e-05,-2.26977963187104e-06,3.78458551554252e-06,-2.46635942512941e-05,3.44201043477238e-05,-2.07912958727561e-05,-3.41329718476308e-05,1.47851881783275e-05,-1.10910606743685e-05,3.09793564746651e-05,-9.13608992826395e-05,0.000129922101425675,-8.36790146149774e-05,3.67899780164853e-05,-2.45015427995561e-05,-2.39043210752678e-05,-2.79461945985165e-05,-5.2876051475619e-06,0.000121212638321714,-4.13093900969207e-05,-2.52651631329526e-05,3.9101618416732e-05,-2.60413105736614e-05,-2.74569177598189e-06,2.31728424923222e-05,-2.9141061936417e-05,-2.69114018881327e-06,4.65496238198438e-05,8.83899153250462e-06,-1.03209336884955e-05,4.83779663959485e-05,-0.000148104779547918,8.9332864953734e-05,2.13825087703788e-05,-3.60861307430223e-05,-2.1081531733424e-06,5.89430904185165e-05,-1.77885291860753e-05,2.96090160328098e-05,-7.21869318224795e-05,1.72987870688664e-05,1.75680798430426e-05,-2.66452546448782e-05,-2.68261431307109e-05,-0.0149613337791185
"kabwe","beta25",2.33065724990403e-05,8.31458069856708e-06,-3.04648250178296e-06,-4.03362484076235e-06,4.6254413855237e-06,-1.66781898933813e-06,4.39917926064012e-06,-7.8120850799421e-06,-8.21571903951781e-06,6.39353597223065e-07,6.68794818058362e-06,1.57498318990253e-05,-2.28221737751198e-05,-1.22743930452932e-05,-1.39392315044123e-06,2.27885171082453e-06,3.16112892722388e-05,-8.36790146149774e-05,0.000102391480627424,-6.90028779767977e-05,4.10549685478507e-05,5.00556687441486e-06,5.91575696427957e-06,2.09316279521673e-06,-5.03131090377268e-05,1.82244202783286e-05,2.48289369467518e-05,-3.04092181701982e-05,3.70846839535432e-05,-7.24030766639947e-06,-1.80104379493895e-05,1.34856088090492e-05,1.70190813790586e-05,-5.45173110369409e-05,-1.07812977961575e-06,7.97067717028844e-06,-1.58222080723182e-05,0.000109237385917957,-0.000122782640318108,7.24480401867707e-05,-2.93499219323753e-05,-2.60438029111151e-05,3.73933040736307e-05,-4.77047216654483e-05,-9.76709553429793e-06,3.5348229768885e-05,-1.48725938457884e-05,-1.20151220559205e-05,2.08079016463818e-05,-3.74030194536846e-05,-0.000546531665973032
"kabwe","beta26",-2.01574697870912e-05,-4.83285079227703e-07,1.01702604105621e-05,-2.74533641173841e-06,3.10273367159337e-06,4.01625957086669e-06,-1.54962936182477e-05,1.44543717207196e-05,-4.82075733025565e-06,1.03907338479527e-05,-3.35457336484025e-06,-9.87407761883432e-06,2.47754370434964e-05,-1.28150378612807e-06,8.22563924002963e-06,2.07878205777557e-06,-1.18001841332422e-05,3.67899780164853e-05,-6.90028779767977e-05,8.9205831003081e-05,-7.83820812234833e-05,2.17957617577663e-05,2.52594541098337e-05,-6.13255764961783e-07,-9.39801730808941e-06,-6.16838624551611e-06,1.68103466612756e-06,4.88242062098917e-06,-1.20119429050829e-05,-5.15284656968766e-06,2.24895254160704e-05,4.56175287233265e-06,-2.71962509613668e-05,7.08192426059706e-05,2.6729673945481e-06,-2.26234793713572e-05,-1.95699755602897e-06,-2.34239850862275e-05,6.63035338954733e-05,-9.10799047504593e-05,5.85465932113406e-05,4.72792813789571e-05,-7.32910535113895e-05,5.19179639740308e-05,1.387208030435e-05,-3.84497412653314e-05,5.17643624548755e-06,8.32149353318056e-06,-1.10704479802038e-05,7.96580265706052e-05,0.00315451365317699
"kabwe","beta27",-2.08624146541656e-05,-1.08248583757098e-05,-1.6473556842739e-05,-1.28111756606176e-05,5.99138562667866e-07,1.04855235845812e-05,-1.32568435458233e-05,1.15825319447118e-05,3.07649020375164e-05,-6.77409139885152e-05,1.0736684817785e-05,3.08064140804348e-06,-3.65601725492132e-05,1.588326022925e-05,-1.29383562532e-05,-1.67043059127848e-05,1.62755386814579e-05,-2.45015427995561e-05,4.10549685478507e-05,-7.83820812234833e-05,0.000168548671062042,-9.35593551497159e-05,-4.35708365765102e-05,2.81083440366097e-05,-3.37967186456109e-05,6.47193882448635e-05,-4.16714671806579e-05,5.08080248245464e-05,-2.98679523189058e-05,1.92398114310987e-05,-8.64958018983299e-06,-2.44493749278396e-05,4.73895230213826e-05,-0.000108499175649702,-2.50328980689567e-07,7.48473424031137e-05,-1.1061907520474e-05,2.86364816821617e-05,-7.164817589299e-05,0.000101607813809252,-6.52492112026142e-05,-1.88176869480889e-05,4.60743905008662e-05,3.25817876352013e-05,-6.80593650299794e-05,0.000106674279235191,-5.27055125005827e-06,-6.30988794271449e-06,4.57561999917042e-07,-7.14855387901676e-05,-0.00128019101011677
"kabwe","beta28",4.79832264843159e-05,-1.25066615952807e-05,1.35721451296831e-05,-2.09070718232994e-05,3.7503291648367e-05,-7.64195872262329e-05,5.33802460646822e-05,-3.90163692659951e-05,1.06131212893319e-05,5.75717145941852e-05,-2.63092004674018e-05,1.67749527547769e-05,-3.32198252672788e-06,-1.56643341085296e-05,5.64957470280377e-06,-5.06846379295294e-06,1.49882376116012e-05,-2.39043210752678e-05,5.00556687441486e-06,2.17957617577663e-05,-9.35593551497159e-05,0.000291810179423277,-0.000195371538891685,1.98788978355072e-05,-7.80812952071055e-05,6.19154918542088e-05,-8.03699114909403e-06,-2.28990681726308e-05,5.61513051787725e-05,-1.86878522553004e-05,1.10310103729613e-05,5.58617067777314e-05,1.30605513930318e-05,1.17326364566293e-05,-1.88611751679352e-05,-0.000116251018151002,4.89871436908807e-05,0.000165445224333471,-7.03695418016343e-06,-1.0954083502164e-05,-1.12146275251506e-05,0.000127548399167849,-0.000106070767898872,6.42632006732534e-05,5.85044273561521e-05,-1.37025031312011e-05,-4.48962121232691e-06,-7.45104754950326e-05,6.03186371153026e-05,2.83322625502959e-05,0.00262752172577661
"kabwe","beta29",2.22874765097639e-05,5.05313359504707e-05,-8.02478632864203e-05,5.34642784611105e-05,-2.28614290166898e-05,8.763445614913e-05,-8.41180111208241e-05,3.91042050235825e-05,-5.17232720164677e-05,2.25407051758915e-05,6.82465353174311e-06,8.54238318327883e-07,-3.5963386022265e-06,-2.37133416476831e-06,-1.40473518305625e-05,3.34220119130264e-05,3.65287154750742e-06,-2.79461945985165e-05,5.91575696427957e-06,2.52594541098337e-05,-4.35708365765102e-05,-0.000195371538891685,0.000432156291493525,-8.99071301396296e-05,-0.000209139991145013,1.34549076711992e-05,2.86467108745229e-05,-3.99928695926094e-05,-9.73004629932484e-06,1.44852170258838e-05,-4.43868655647641e-05,3.0038569933367e-05,-9.11624212411616e-05,1.16760435642569e-05,8.24261202349901e-05,5.74305584039911e-05,1.43147392005139e-05,-0.000144904956371139,1.57999745493148e-05,-7.38612725065501e-05,3.95613662453519e-05,-6.80065300553303e-05,-3.89213964703868e-05,-0.00012067771765291,-8.53351190728196e-06,-4.77792052031888e-05,5.21045113422632e-05,2.6248495812171e-05,-7.95943019635148e-06,0.000167218720660164,0.00220632034593855
"kabwe","beta3",-9.27934297343894e-06,-3.47049188967545e-06,2.86549872445659e-05,9.54861086430089e-06,-2.86023960950609e-05,-1.29453846025007e-06,-3.53035418924319e-05,3.88247950285041e-05,3.78844746514264e-05,-9.24712078341593e-05,4.20568299000473e-05,-4.57743892740544e-05,-0.000163921561883123,3.41280181188281e-05,-1.35423856967205e-05,-7.17005817214244e-06,-4.52423613223858e-06,-5.2876051475619e-06,2.09316279521673e-06,-6.13255764961783e-07,2.81083440366097e-05,1.98788978355072e-05,-8.99071301396296e-05,0.000457019468702751,3.84394546025207e-05,-3.90554769217943e-05,5.5394832062936e-05,-1.9693157502442e-05,-2.40208015870436e-05,2.97024825080207e-05,-5.09394907756568e-06,-6.35559522351461e-06,2.20183648448458e-05,-6.69258070901037e-05,-4.93271935869298e-05,0.000184242935414216,-0.000182249467752622,0.000103163596280051,-7.61240978449453e-06,0.000126898248848528,-0.000205304427292396,0.000192154848018646,2.04628988578362e-05,-1.80364257773415e-05,-0.000111136525671795,1.91302440566835e-05,2.13631176092439e-05,-2.92598807565616e-05,1.77939038726918e-05,-0.00016306146448199,0.0462892995841111
"kabwe","beta30",-2.8228570157657e-05,-1.71806000016312e-05,0.000102665792092346,-5.59825532366051e-06,-4.01785942151588e-05,9.80262864141286e-06,4.1502978298579e-05,-3.93571174919091e-05,3.96301964822441e-05,-3.43582940698858e-05,1.46461546037181e-05,-9.78077029088913e-06,0.000114240140620636,-1.20653237327368e-05,1.5676495673311e-05,1.22736449158786e-05,-5.1760518944971e-05,0.000121212638321714,-5.03131090377268e-05,-9.39801730808941e-06,-3.37967186456109e-05,-7.80812952071055e-05,-0.000209139991145013,3.84394546025207e-05,0.00076953119921378,-0.000504407552501363,8.29879005771651e-05,1.04410409670884e-05,-6.20507863467441e-06,-1.99765833601589e-06,5.38297371515591e-05,-0.000123036038039694,2.2081049299245e-05,0.000160123505726054,-0.000115929837423422,-1.54804206107383e-05,-8.11620185265444e-05,-0.000174632335848882,0.000158241103018729,-1.22336609308191e-05,3.05995846051764e-05,-0.000150381608742716,0.000245765826801466,-5.3617885892506e-05,5.39128485266766e-05,-0.00011026182724443,-9.68943106273396e-05,0.000143994419366135,-8.36780078964946e-05,-0.00032843662355413,0.00206000831831707
"kabwe","beta31",2.13587983092789e-06,-3.29061312904376e-05,-5.04936569887005e-05,-1.47745499438658e-05,2.15728136822301e-05,-2.226574878703e-05,-7.85938440012776e-06,4.44044279944661e-05,-1.98698217461829e-05,-1.93846491851472e-05,1.39096329952746e-05,-2.86879734946062e-07,-3.67241085522757e-05,2.01224594470293e-05,-2.63878536906741e-06,-1.91431844252593e-05,2.0045736789759e-05,-4.13093900969207e-05,1.82244202783286e-05,-6.16838624551611e-06,6.47193882448635e-05,6.19154918542088e-05,1.34549076711992e-05,-3.90554769217943e-05,-0.000504407552501363,0.00053585835859821,-0.000179933090802994,7.02435324169959e-05,-5.5574801051393e-06,-1.511412213152e-05,1.10182450914927e-05,5.59492687393482e-05,4.78830476046983e-05,-7.5926439665488e-05,0.000116830796385942,-2.36595945502131e-05,9.21507215494489e-05,0.000153387376891459,-0.000161862222039548,0.000104345540813066,2.5185330560144e-05,4.93768761743691e-05,-0.000108128335690372,0.000120475607734497,-6.9955572255707e-05,0.000110367233629159,2.39162601563609e-05,-0.000101473336361519,5.60616878893577e-05,0.000202960309923059,-0.00864510692726842
"kabwe","beta32",1.63481369282716e-05,3.10845616868874e-05,-2.10720764975293e-05,3.38023589002658e-05,-1.85131242940411e-07,-9.14321281435396e-06,7.8377466204193e-06,-2.47632304740885e-05,7.91876978778073e-06,1.47566420125578e-05,-1.03780250746681e-05,-1.2938726563962e-05,-4.82173813994002e-05,-6.86941293814905e-06,1.82965578565192e-05,-4.52757332171712e-06,1.13039305232777e-05,-2.52651631329526e-05,2.48289369467518e-05,1.68103466612756e-06,-4.16714671806579e-05,-8.03699114909403e-06,2.86467108745229e-05,5.5394832062936e-05,8.29879005771651e-05,-0.000179933090802994,0.000227384832581995,-0.000171529339941779,3.14203495233085e-05,7.69004477509558e-06,-1.34117470743711e-05,1.90065696133846e-05,-3.70202178432956e-05,-2.31516533233213e-05,-9.39124750773453e-05,6.60688525531982e-05,-7.51249629513751e-05,-4.59272515744817e-07,3.47583347983044e-05,-1.6743151710561e-05,-4.91976124321013e-05,1.6626989958163e-05,4.74521876562869e-05,-5.62632885037442e-05,6.30105826815053e-05,-4.98586368932868e-05,2.83253846554452e-05,-2.47793732381359e-06,1.37221934830774e-05,-5.53311147476094e-05,0.00253548779509746
"kabwe","beta33",-7.78411562655667e-07,-2.56360025591357e-05,3.29232599624072e-05,-3.72849459042975e-05,8.88570096854931e-06,1.19056651166659e-05,-4.12474481913508e-05,1.83451535527056e-05,4.67013249052807e-05,-7.54184888658401e-05,2.00314096428729e-05,1.54235619131947e-05,5.67424342966867e-05,9.68931263714547e-06,-1.81160638997259e-05,4.28175032869204e-06,-1.68599676094665e-05,3.9101618416732e-05,-3.04092181701982e-05,4.88242062098917e-06,5.08080248245464e-05,-2.28990681726308e-05,-3.99928695926094e-05,-1.9693157502442e-05,1.04410409670884e-05,7.02435324169959e-05,-0.000171529339941779,0.000240713778144456,-0.000115651282285385,3.62888122430765e-05,4.87624086623361e-07,-1.4604929553981e-05,3.6273521209325e-05,1.66142765968728e-05,7.25591705667154e-05,1.38569177446392e-06,-7.47460094026938e-06,7.29796222737658e-05,-8.39366266465119e-05,9.74602061247446e-05,-4.50231660276672e-05,5.17858369827551e-05,-3.23636331927687e-05,5.15485524292385e-05,-7.01190673103552e-05,7.98214309280891e-05,-7.3389030808131e-05,1.50859960540262e-05,-9.5230406121667e-06,5.20154899509223e-06,0.00548708437336736
"kabwe","beta34",-5.61318366021275e-06,4.07845605052616e-06,3.98439217606123e-07,9.96117713153514e-06,-2.55075124726526e-05,4.65018369956261e-06,4.77509858098787e-05,-2.8182201416244e-05,-3.86857210887571e-05,5.80739305292106e-05,-8.26575041150617e-06,2.80284657956643e-05,-2.25143999967654e-05,-2.93341455370704e-05,9.79514899245658e-08,2.31289366000274e-05,4.30782319802634e-06,-2.60413105736614e-05,3.70846839535432e-05,-1.20119429050829e-05,-2.98679523189058e-05,5.61513051787725e-05,-9.73004629932484e-06,-2.40208015870436e-05,-6.20507863467441e-06,-5.5574801051393e-06,3.14203495233085e-05,-0.000115651282285385,0.000182212828322736,-0.000108103955770762,4.73516347391817e-05,3.60072958505564e-06,3.26215796907241e-05,6.44779115575739e-05,1.59713572073623e-05,-9.78407394581383e-05,3.25159113520612e-05,6.58563057138866e-05,-2.04718567656868e-06,1.17588299700819e-05,6.968557831888e-05,-6.09509798088775e-05,0.000105914674525953,-1.94526667103457e-05,4.2589517390749e-05,-6.15267217448062e-05,2.09741100373298e-05,1.51032881954245e-06,3.17393301028031e-06,-8.99036105628705e-05,-0.0052538435210685
"kabwe","beta35",2.83485022584289e-05,1.19961993410506e-05,-9.16422448024026e-06,-3.96190314664486e-06,2.38358906171967e-05,-1.46235965088594e-05,-9.42686794288516e-06,4.24267178180731e-06,7.63801455453858e-06,-4.64376585193142e-06,-9.98123354967859e-06,-2.76775611671135e-06,5.2338647475948e-08,1.74534761923098e-06,8.15986874447782e-06,-1.78673730841534e-05,1.32263594201513e-05,-2.74569177598189e-06,-7.24030766639947e-06,-5.15284656968766e-06,1.92398114310987e-05,-1.86878522553004e-05,1.44852170258838e-05,2.97024825080207e-05,-1.99765833601589e-06,-1.511412213152e-05,7.69004477509558e-06,3.62888122430765e-05,-0.000108103955770762,0.000119580516410501,-8.7700427225482e-05,6.50482908224371e-05,-4.47715937570791e-05,-4.11350050552731e-05,-3.28260655787489e-05,6.50655079846151e-05,-1.998520027775e-05,-2.10114519019977e-05,2.15832629850723e-05,-9.97754180363179e-06,-4.19993878867097e-05,6.77474441969379e-05,-9.4021276189537e-05,5.20331344082939e-05,7.979666794159e-06,1.92048462402241e-05,-1.7431275360879e-05,4.64022095474467e-06,1.08389564327797e-05,-9.41736584483632e-06,0.00661328896207452
"kabwe","beta36",-3.90057287512741e-05,-1.50488709168904e-05,-3.52667823131082e-06,-1.31030437728917e-06,-1.71778311830219e-05,2.37466258749949e-05,-2.68693864379345e-05,2.0665827727297e-05,2.919585656926e-05,-4.34667825413734e-05,1.19024792290102e-05,-1.5401527753204e-05,4.52392122987993e-05,2.26230865730652e-05,-1.81884506058786e-05,1.06122625338976e-05,-8.6975423396303e-06,2.31728424923222e-05,-1.80104379493895e-05,2.24895254160704e-05,-8.64958018983299e-06,1.10310103729613e-05,-4.43868655647641e-05,-5.09394907756568e-06,5.38297371515591e-05,1.10182450914927e-05,-1.34117470743711e-05,4.87624086623361e-07,4.73516347391817e-05,-8.7700427225482e-05,0.000149875397585655,-0.000145519876474991,7.27782628551155e-05,4.1849804725463e-05,-4.95277189563229e-07,-2.58229841756275e-05,7.62631487523757e-06,-8.68453191215836e-06,3.10280714934237e-05,1.61836104269906e-05,4.53720635225527e-05,-7.05969523248129e-05,0.000115816797203467,-4.32851949527468e-05,-3.02650965769978e-05,3.3182023781576e-06,-1.74440958477222e-06,-1.10698732963703e-06,-6.40646026060882e-07,5.71527524895524e-06,-0.00271138812577741
"kabwe","beta37",5.94241740263066e-05,3.27340882025255e-05,2.24498832397663e-06,-1.23276428631089e-05,3.37087591293148e-05,-3.0236633285847e-05,3.79832243997555e-05,-3.74242132898414e-05,-3.58425802264884e-05,7.88725828581888e-05,-3.22046356087037e-05,3.16169612463995e-05,2.90195931103712e-05,-4.01804344889571e-05,1.757988007145e-05,4.06737648044347e-06,2.1700434658394e-05,-2.9141061936417e-05,1.34856088090492e-05,4.56175287233265e-06,-2.44493749278396e-05,5.58617067777314e-05,3.0038569933367e-05,-6.35559522351461e-06,-0.000123036038039694,5.59492687393482e-05,1.90065696133846e-05,-1.4604929553981e-05,3.60072958505564e-06,6.50482908224371e-05,-0.000145519876474991,0.000320855746714443,-0.000198769358392964,6.91743916406032e-05,6.11095333736236e-07,-1.85669244650446e-05,-2.8286283759872e-06,0.000210396502549865,-6.3988884212292e-05,2.2846447359787e-05,-3.34228545021548e-05,0.000164669455927104,-0.000121049549048952,0.000151873470224906,5.92909707240835e-05,-1.37179252970574e-05,-1.20251592997047e-05,-3.65677044765153e-06,1.15160154140862e-05,-5.51654873571943e-05,0.0186356828595096
"kabwe","beta38",-8.16787856513789e-06,-4.59021718071349e-05,1.71452501551419e-05,-2.80941793853732e-05,-3.96706593515764e-06,-2.81859596719613e-05,2.50944569183847e-05,-1.15350034342538e-05,3.30948800868336e-05,-3.2980761923751e-05,2.06599814946839e-05,1.14454121844684e-05,-0.000121718005789337,-2.27156422462169e-05,1.79378088531198e-05,7.63332599522199e-06,-2.2153157781117e-05,-2.69114018881327e-06,1.70190813790586e-05,-2.71962509613668e-05,4.73895230213826e-05,1.30605513930318e-05,-9.11624212411616e-05,2.20183648448458e-05,2.2081049299245e-05,4.78830476046983e-05,-3.70202178432956e-05,3.6273521209325e-05,3.26215796907241e-05,-4.47715937570791e-05,7.27782628551155e-05,-0.000198769358392964,0.000387693691934854,-0.000234173609656612,5.83159849832156e-05,-2.328420329479e-05,4.71482266135414e-05,3.46331540118267e-06,-5.2793288629019e-05,0.000136622727526235,2.05672379085459e-05,-6.50827900725934e-05,0.000142020547551186,-3.42786496815766e-05,-1.05904936332291e-05,4.2198241105866e-05,-5.79293058567663e-05,6.10198328993697e-06,1.9183621323886e-05,-0.000116156850845019,-0.0160916634256951
"kabwe","beta39",-3.38962018853063e-05,-2.28424007324735e-05,0.000106290581609072,-4.17284020201427e-05,-2.52535562995996e-06,2.31835877242056e-05,1.53158912132827e-05,-1.85729703055293e-05,-5.64686840924902e-05,0.000114345797877095,-5.36614534793505e-05,4.22095843494007e-05,0.0002033030409488,-2.35549179434223e-05,5.31849255743189e-06,4.42142435645318e-06,1.87810917703619e-05,4.65496238198438e-05,-5.45173110369409e-05,7.08192426059706e-05,-0.000108499175649702,1.17326364566293e-05,1.16760435642569e-05,-6.69258070901037e-05,0.000160123505726054,-7.5926439665488e-05,-2.31516533233213e-05,1.66142765968728e-05,6.44779115575739e-05,-4.11350050552731e-05,4.1849804725463e-05,6.91743916406032e-05,-0.000234173609656612,0.000734719156924357,4.0291006397465e-05,-0.000385606727761559,-0.000129367341508105,0.000219523741853919,2.00179984512535e-05,-7.79727546140474e-05,0.000218843478105896,-0.0001298645672412,0.000163470852057851,9.63566699506156e-05,5.69234205973789e-05,-0.000130714747032428,-8.46510825938436e-05,8.28591447896307e-05,-5.82537680971389e-05,3.5803240340306e-06,0.0154949789628416
"kabwe","beta4",4.39340529787253e-05,-3.1348062186656e-05,-2.24860307808327e-05,-1.54426204475654e-05,3.55334390098716e-06,-9.19728676362774e-06,2.14063388986672e-05,-3.73997586189385e-05,1.32284220455405e-05,9.88375608093992e-06,2.22893053680732e-05,2.0272350676132e-05,-9.35991072551103e-05,-2.3295468203001e-05,-5.30923160325498e-06,4.25069234535067e-05,-3.0105691529473e-05,8.83899153250462e-06,-1.07812977961575e-06,2.6729673945481e-06,-2.50328980689567e-07,-1.88611751679352e-05,8.24261202349901e-05,-4.93271935869298e-05,-0.000115929837423422,0.000116830796385942,-9.39124750773453e-05,7.25591705667154e-05,1.59713572073623e-05,-3.28260655787489e-05,-4.95277189563229e-07,6.11095333736236e-07,5.83159849832156e-05,4.0291006397465e-05,0.000397099052905831,-9.17064865277033e-05,2.93388757694841e-05,3.9406211575428e-05,-0.00011724909502933,8.31464337507448e-05,3.16450823357916e-05,-6.90087399063467e-05,3.33869322334731e-05,4.51490907884489e-05,-0.000103854952252934,-2.67964205915165e-05,-2.96415281592391e-05,2.36959950508285e-05,1.27567266170908e-05,1.91018928865672e-06,0.0157484827294194
