"region","name","alpha_D","beta1","beta10","beta11","beta12","beta13","beta14","beta15","beta16","beta17","beta18","beta19","beta2","beta20","beta21","beta22","beta23","beta24","beta25","beta26","beta27","beta28","beta29","beta3","beta30","beta31","beta32","beta33","beta34","beta35","beta36","beta37","beta38","beta4","beta5","beta6","beta7","beta8","beta9","p_G_D","start_date"
"kabwe","alpha_D",0.00462405103287438,-0.000256729148726642,-1.28134843514165e-05,0.000235688428244595,-0.000105884879125848,-0.000192002263216306,8.34483759255825e-05,0.000116490007374321,-0.000340873833470908,0.000145293941880174,3.24947048333722e-05,5.93371833586683e-05,-0.00087725440101672,-6.7312812924357e-05,-3.22872701103402e-05,0.000156038619503189,0.000115575039080151,-0.000234264014153758,-0.000172826397073848,-0.00035165490891026,0.000753676603272711,-0.000306944629487103,0.000228675069663795,0.000854859369230801,-4.73872496718211e-06,0.000429492668216603,-0.000496719743385266,8.32246152759057e-05,-0.00155841485462607,0.00198858990228139,-0.000386869079016245,-0.00016819410395245,0.00131754118368543,-0.00107547006735875,0.000716518137246748,0.000110421688569238,-0.000219782911612078,-3.44428163736809e-05,-0.000125580099008616,0.00233294682039962,-0.0593064893216615
"kabwe","beta1",-0.000256729148726642,0.000155919722911255,1.20140408864285e-05,-0.000134931441770652,6.98552198419891e-05,3.79161108268581e-05,-0.000113820011997971,-7.70070858804757e-06,0.000143445741113807,-9.10563411605116e-05,-2.13718817652279e-05,-2.89959051822976e-05,3.78749048886922e-05,1.51270468213484e-05,-7.05458428683972e-06,7.6279573438782e-06,-9.17340415416848e-05,0.000141885859357943,4.17815146410961e-05,-4.38195244391182e-05,-3.8214276069611e-05,0.000256249539577187,-0.000306709873965776,-0.000344849764774602,8.97382558593932e-05,2.79210065156437e-05,-2.31371386988956e-05,8.94715891383014e-05,-4.87972048444967e-05,1.65878603880993e-05,5.85720082651137e-05,3.80722926152302e-06,-7.46815567114106e-05,0.000129438167964369,4.2856010568533e-05,-0.000128728372267883,9.04662973559387e-05,-8.24756336171434e-05,0.000109688012701277,-0.000130711908669381,-0.0211690006040037
"kabwe","beta10",-1.28134843514165e-05,1.20140408864285e-05,0.000463671619140287,-0.000355462693311623,9.8697373810946e-05,-0.000124809171406766,8.44257336832613e-05,4.2889092516271e-05,4.40235530078478e-05,-0.000161203359206785,0.000143578319978378,-9.03411853615901e-05,0.000854811864907543,3.64743734571296e-05,-5.2192922637792e-05,7.20127105947509e-06,-1.62502815855443e-05,-5.79163070544416e-05,4.86759558306296e-05,-7.11317267330032e-05,7.9352221861496e-05,-0.000138220149649241,-0.00036916416951455,-0.000391139539077027,0.000433508946560568,-0.000104325567494503,-0.00034099573524714,0.000428758034605166,-0.000412680724102884,-5.46945026597847e-05,-8.49278105675495e-05,1.17172898734281e-05,-8.56126741229202e-05,-2.31157803700397e-05,7.94231194473326e-05,-9.86869052774866e-05,-9.36036818008705e-05,0.000260432432151308,-0.000353590862578806,-6.84828770082784e-05,0.0298790665577863
"kabwe","beta11",0.000235688428244595,-0.000134931441770652,-0.000355462693311623,0.000534687407917971,-0.000217825965994122,6.91565233716342e-05,4.70115273983697e-05,-1.55394419456269e-05,-0.0002270975048838,0.000273921955960656,-0.000104263909754439,0.000104263266864755,-0.000733628278979653,-2.92173274630847e-05,4.28986685404997e-05,-1.13591793718452e-05,6.22251627779313e-05,-8.62887111784287e-06,-8.09826212588332e-05,0.000112813656184591,-1.80812035317755e-05,-0.000136150131716435,0.000609214545743997,0.00060512488264505,-0.000292467887015593,-7.78625524785822e-05,0.000366750006951138,-0.000168836672215199,0.000272723812064665,6.24446466173858e-05,0.000216406912111101,8.83767218998228e-05,0.00022374588587097,-0.000172476247747699,-2.54608468908698e-05,0.000161943728468365,4.14670795471122e-05,-0.000177395684162691,0.000122595554279734,-0.000175206655626935,-0.0128447604443005
"kabwe","beta12",-0.000105884879125848,6.98552198419891e-05,9.8697373810946e-05,-0.000217825965994122,0.000254031730856779,-0.000295103236139244,0.000119550828638698,-9.37501182975671e-06,0.000141245203982264,-0.000174838695499045,7.53602276794646e-05,-7.76919313937516e-07,0.000329431861381834,-1.55420567924428e-05,-1.92380533519247e-05,1.33938380134986e-05,-7.97178723739026e-05,0.000109772553510764,1.94148237398191e-05,-7.39795598026453e-05,0.000116979702303889,-3.45209321809603e-05,-0.000167018508536199,-0.000118512774662754,0.000141232264646913,-2.44566129242582e-06,-2.17105760059561e-05,-9.19325641205995e-05,-5.51333085021719e-05,0.000350922021952654,-0.000347993577815595,-0.000271786005546818,-5.40970440167231e-05,5.17549199485726e-05,1.2953372599341e-05,-5.29665240347741e-06,-7.3990530300541e-05,8.8906018731108e-05,-2.89884894982682e-05,3.85011369468681e-05,0.0160562611584298
"kabwe","beta13",-0.000192002263216306,3.79161108268581e-05,-0.000124809171406766,6.91565233716342e-05,-0.000295103236139244,0.000732258534059764,-0.000583932919841465,6.29418225233534e-05,3.70879586923414e-05,0.000117344771856613,-0.000211730301870183,-5.91291910463749e-05,-0.000617651204080841,5.91343646705605e-05,1.95722892445804e-05,-2.32904796811486e-05,9.40190982354826e-05,-0.000156175973673859,5.89874401951887e-05,0.000122018155332879,-0.000404859281515489,0.000335305473186171,-2.88032670398928e-05,-0.000206976814231996,-0.000351448487003418,0.000139099289321845,2.05271333551683e-05,-7.4537376348424e-05,0.000240054356054359,-0.00109826475330237,0.000687806095528022,0.000592930793539062,-1.91968870034113e-05,9.25611618476768e-05,-5.53735464028167e-05,-9.76474792299237e-05,0.000222419631169768,-0.000241349256586344,0.000169175008777984,2.49590775238598e-05,-0.0552203448815193
"kabwe","beta14",8.34483759255825e-05,-0.000113820011997971,8.44257336832613e-05,4.70115273983697e-05,0.000119550828638698,-0.000583932919841465,0.000728963154894688,-0.000177979356810955,-0.000168833004327061,3.11069332584267e-05,0.000236680480458646,2.5416343830678e-05,0.000669175810816576,-4.85874451151504e-05,2.59435056295186e-06,-2.12671007519274e-05,-8.60336572078241e-06,6.7625603575529e-05,-6.75348179910186e-05,-9.68678868280455e-05,0.000349026234977113,-0.00030718032604773,4.9489210712342e-06,0.000228376023881349,0.00039958420936326,-0.000156969662774884,-9.54588012257189e-05,0.000125082535291232,-0.000123246931076138,0.000837138898980547,-0.000452930589263678,-0.000391573900946851,-6.98927985546728e-05,-2.82218043670444e-05,-2.26080450879661e-05,0.000113133523539924,-0.00021438943298702,0.000266750117598042,-0.000187579903129498,-0.000141845756008017,0.0644598782649425
"kabwe","beta15",0.000116490007374321,-7.70070858804757e-06,4.2889092516271e-05,-1.55394419456269e-05,-9.37501182975671e-06,6.29418225233534e-05,-0.000177979356810955,0.000202065765391521,-8.73888513967143e-05,-1.99745149571728e-05,-3.24863502855639e-05,2.41517519440848e-05,-0.000113924386482591,-7.3529665860305e-06,-5.98802436153556e-06,3.94841050602661e-06,9.02635823113788e-06,-4.90494759059972e-05,7.8160557747023e-06,3.07431946380066e-05,-5.73232917788492e-05,-9.92956686864796e-05,0.000111569490205598,7.8941445215682e-05,-6.8948817393724e-05,-2.83738041458831e-05,-3.9670285784041e-05,6.80161864505247e-05,-5.91247563681777e-05,-0.000157138103636994,-6.93066273688092e-05,1.22789115559024e-05,0.00019483638946624,-0.000113057213276291,2.66304725883429e-05,5.68717718649127e-05,-3.80659930410159e-05,1.91638993768617e-05,-5.40447409154572e-05,9.76947476924091e-05,-0.00967180486638482
"kabwe","beta16",-0.000340873833470908,0.000143445741113807,4.40235530078478e-05,-0.0002270975048838,0.000141245203982264,3.70879586923414e-05,-0.000168833004327061,-8.73888513967143e-05,0.000396552932063675,-0.000218401559813512,-5.43327938940504e-05,-3.90828098536749e-05,0.000113634136279535,3.33628443549991e-05,-3.54004521833999e-05,4.42545042896215e-05,-0.000105394605390071,0.000127568421518859,4.45529264251026e-05,-2.07236477437893e-05,-7.29098024606731e-05,0.000262339543040248,-0.000267091619693434,-0.00033300117016488,-3.75067203225794e-05,9.13216262134673e-05,0.000117635640702721,-0.00020396475601398,6.76991123585635e-05,-0.000103290164319946,6.91785760714849e-06,-5.33957897069041e-05,-0.000229469442684801,0.000176101451864876,-4.09779416682057e-06,-0.000169029225330386,0.000120429385736985,-7.92792675637953e-05,9.92108295357457e-05,-1.55057480567508e-05,-0.00613319000925642
"kabwe","beta17",0.000145293941880174,-9.10563411605116e-05,-0.000161203359206785,0.000273921955960656,-0.000174838695499045,0.000117344771856613,3.11069332584267e-05,-1.99745149571728e-05,-0.000218401559813512,0.000289333121320191,-9.89573124821957e-05,3.05853142880076e-05,-0.000413902544465535,-5.46830416333166e-06,4.28373649954749e-05,-5.15499441589963e-05,9.66058853222983e-05,-6.62991320600873e-05,-2.45832878803932e-05,6.0588277510032e-05,-4.07241625500443e-05,-9.39465551818139e-05,0.000276227999879905,0.000323184449941317,-6.7760078954121e-05,-4.1936014360701e-05,8.36766482243118e-05,-4.96148026969882e-05,0.000201650935686849,-0.000235715158057063,0.000294496402599321,0.000254763993241685,0.000148251491429254,-8.93795249710087e-05,-3.20991245818825e-05,0.000111940354265515,6.80040500985218e-06,-8.18170265529602e-05,4.74778781060096e-05,-0.000111141984063179,-0.0125433008155149
"kabwe","beta18",3.24947048333722e-05,-2.13718817652279e-05,0.000143578319978378,-0.000104263909754439,7.53602276794646e-05,-0.000211730301870183,0.000236680480458646,-3.24863502855639e-05,-5.43327938940504e-05,-9.89573124821957e-05,0.000239979312524517,-5.78217836384967e-05,0.000446615011207341,-3.68393519581916e-06,-2.57352815162887e-05,1.16640456006869e-05,-2.01468716737295e-06,-8.02270118063312e-06,-6.99821691798988e-06,-9.7854829229938e-05,0.000194155961178385,-5.80833510986385e-05,-0.000198702498340768,-0.000188080873995802,0.000198480132869651,-4.38874685288196e-05,-0.000170150068612096,0.000169002972049152,-0.000176318013463075,0.000508540042147861,-0.000232225653767191,-0.000184685269765405,-6.03915309313438e-05,1.73023683246375e-05,5.00729522298806e-05,-4.61145425677784e-05,-5.62873102187485e-05,0.000149964135249575,-0.000145159917751084,0.000188894646415238,0.0207370084000965
"kabwe","beta19",5.93371833586683e-05,-2.89959051822976e-05,-9.03411853615901e-05,0.000104263266864755,-7.76919313937516e-07,-5.91291910463749e-05,2.5416343830678e-05,2.41517519440848e-05,-3.90828098536749e-05,3.05853142880076e-05,-5.78217836384967e-05,8.771046178836e-05,-0.000103977554546055,-3.49876832918097e-05,1.22786934688544e-05,2.27256995674099e-06,-8.45491221264809e-06,2.56452776382349e-05,-2.93724422680868e-05,5.08970940129627e-05,-2.13085039323881e-05,-0.000105206310768623,0.000218498837764628,0.000253178504393958,-6.64581914516415e-05,-1.819454846976e-05,0.000120012126592256,-7.79277517760505e-05,3.31984351144443e-05,-9.79322061745201e-07,-0.000107453446440415,-0.000134750504038813,4.62560222001307e-05,-4.24858377179487e-05,-4.82578121380633e-05,0.000104553339754679,-6.12791896930175e-05,-4.47524164552265e-06,4.54323292582504e-05,-8.84647414460311e-05,0.0104045565304693
"kabwe","beta2",-0.00087725440101672,3.78749048886922e-05,0.000854811864907543,-0.000733628278979653,0.000329431861381834,-0.000617651204080841,0.000669175810816576,-0.000113924386482591,0.000113634136279535,-0.000413902544465535,0.000446615011207341,-0.000103977554546055,0.00315941606873996,-1.63575903369969e-05,-4.48658532530167e-05,-5.85606933513498e-05,-6.87227320084824e-05,5.03334835440187e-05,2.09042670329084e-05,-0.000133205060003894,0.000348472376886743,-0.000346341405044044,-0.0010358414931721,-0.000844635749098329,0.00119550971120969,-0.000442147919072995,-0.000501203213038979,0.00100586568371702,-0.000925448069688797,5.81712371072811e-06,-0.000444184970591163,-0.000639436836348295,-0.000879663629932577,0.00028232375435065,-0.000103451464409207,-7.66601406672832e-05,-0.000471111863926629,0.000859769676431694,-0.000693479063114308,-0.00137948141121473,0.184034914285668
"kabwe","beta20",-6.7312812924357e-05,1.51270468213484e-05,3.64743734571296e-05,-2.92173274630847e-05,-1.55420567924428e-05,5.91343646705605e-05,-4.85874451151504e-05,-7.3529665860305e-06,3.33628443549991e-05,-5.46830416333166e-06,-3.68393519581916e-06,-3.49876832918097e-05,-1.63575903369969e-05,3.60033595917791e-05,-2.21522196692745e-05,1.12345403715327e-05,-9.55675891998988e-06,-3.88213352535204e-06,1.21809648548321e-05,4.46827483498833e-07,-3.06130543560515e-05,5.88335229925996e-05,-4.38913460449377e-05,-0.000106604576171064,1.20156690623186e-05,-2.23606354268484e-05,-1.12697963536648e-06,4.70677961161113e-05,1.91154109303186e-06,-6.32011684529015e-05,9.18346794502473e-05,0.000103487136031381,-2.33489216654357e-05,8.58880469721375e-06,1.99672675969094e-05,-5.18271853815316e-05,5.17883648062219e-05,-2.33041897626366e-05,-1.80566983029408e-05,-1.31010735595322e-06,-0.00892110887048035
"kabwe","beta21",-3.22872701103402e-05,-7.05458428683972e-06,-5.2192922637792e-05,4.28986685404997e-05,-1.92380533519247e-05,1.95722892445804e-05,2.59435056295186e-06,-5.98802436153556e-06,-3.54004521833999e-05,4.28373649954749e-05,-2.57352815162887e-05,1.22786934688544e-05,-4.48658532530167e-05,-2.21522196692745e-05,5.62614579837326e-05,-5.18841184881715e-05,3.66456652886106e-05,-9.5241015412149e-06,2.30847231761108e-06,1.67910154949334e-05,-9.51219297044888e-06,-7.88066439137068e-06,1.33007458957192e-05,4.5623975999997e-05,-8.29667532117016e-06,6.04761804294275e-05,-3.98817540520973e-05,-2.44606237270359e-05,5.08068434635401e-05,-0.000111001824730863,8.70961537780163e-05,6.42140592136426e-05,-2.94705197627847e-05,3.10074445299345e-05,-3.38017763724349e-05,3.61716595760168e-05,-8.97078971227367e-06,-2.46623481455299e-05,4.89606031469338e-05,-0.000199708276544543,0.000383261680613534
"kabwe","beta22",0.000156038619503189,7.6279573438782e-06,7.20127105947509e-06,-1.13591793718452e-05,1.33938380134986e-05,-2.32904796811486e-05,-2.12671007519274e-05,3.94841050602661e-06,4.42545042896215e-05,-5.15499441589963e-05,1.16640456006869e-05,2.27256995674099e-06,-5.85606933513498e-05,1.12345403715327e-05,-5.18841184881715e-05,8.93614416680164e-05,-6.9407189875071e-05,1.24130502172325e-05,-2.30919548244145e-05,-2.24401139636968e-05,4.97125334989147e-05,3.15264796410902e-05,2.6399742789426e-05,1.15550265645449e-06,-7.65188616341317e-05,-2.80291832070115e-05,6.04346031038374e-05,7.22826592348564e-05,-0.00017149013575117,0.000334949259769821,-0.000149723592155959,-0.000157757448009746,2.67945713031368e-05,-5.60285946128975e-05,6.65488244085386e-05,-6.01605048696462e-05,3.00007948402749e-05,-1.50363417092123e-05,-2.72953602203992e-06,0.000319434839268488,-0.00367307891585751
"kabwe","beta23",0.000115575039080151,-9.17340415416848e-05,-1.62502815855443e-05,6.22251627779313e-05,-7.97178723739026e-05,9.40190982354826e-05,-8.60336572078241e-06,9.02635823113788e-06,-0.000105394605390071,9.66058853222983e-05,-2.01468716737295e-06,-8.45491221264809e-06,-6.87227320084824e-05,-9.55675891998988e-06,3.66456652886106e-05,-6.9407189875071e-05,0.000188016318981146,-0.000197912053157488,1.35110012950477e-05,3.56946316766448e-05,-9.08922400110563e-06,-0.000164849919172494,0.000150122193845485,0.000114568912096509,-6.57088667095779e-05,2.87964455743203e-05,-3.20867778681071e-05,-0.000145946161669281,0.000159102562913212,-0.000342988803395384,0.00020346116083837,0.000213407876171027,2.0693862149362e-05,-5.106957635584e-05,-3.78968169210822e-05,8.48454996491173e-05,-4.05235886267537e-05,4.18726626371023e-05,-6.02768860877593e-05,-2.92333087003654e-05,0.00115876442917585
"kabwe","beta24",-0.000234264014153758,0.000141885859357943,-5.79163070544416e-05,-8.62887111784287e-06,0.000109772553510764,-0.000156175973673859,6.7625603575529e-05,-4.90494759059972e-05,0.000127568421518859,-6.62991320600873e-05,-8.02270118063312e-06,2.56452776382349e-05,5.03334835440187e-05,-3.88213352535204e-06,-9.5241015412149e-06,1.24130502172325e-05,-0.000197912053157488,0.000360729346346488,-1.20930970404718e-05,-3.92838404219137e-05,-2.28714448787903e-06,0.000283361180966472,-0.000225917167512221,-0.000142865199160535,0.000181750908759497,-2.38068669880261e-05,0.000108342692500786,0.000101555943655807,-2.55637453350957e-05,0.000294882924125229,-5.60809451146335e-05,-0.000179834749511982,-5.23389324105062e-05,0.000123637423543362,1.0208748208009e-05,-5.99068280621608e-05,6.49393277810419e-05,-0.000112171489333846,0.000152369340043008,-0.000306167593702631,-0.00572899373490174
"kabwe","beta25",-0.000172826397073848,4.17815146410961e-05,4.86759558306296e-05,-8.09826212588332e-05,1.94148237398191e-05,5.89874401951887e-05,-6.75348179910186e-05,7.8160557747023e-06,4.45529264251026e-05,-2.45832878803932e-05,-6.99821691798988e-06,-2.93724422680868e-05,2.09042670329084e-05,1.21809648548321e-05,2.30847231761108e-06,-2.30919548244145e-05,1.35110012950477e-05,-1.20930970404718e-05,5.21625979010914e-05,3.09415851853065e-07,-7.12807661106299e-05,2.57918440257963e-05,-9.93597988553754e-05,-0.000151661117617228,5.1780402037761e-05,-4.82694175804167e-06,-2.36013141465e-05,-5.77437341202779e-05,9.2321678868914e-05,-0.000224569664995884,0.000102423038885695,0.000134269929931178,1.8148058166268e-05,4.33706387910975e-05,-5.14248231365298e-07,-3.12768258029346e-05,2.65565571767933e-05,-6.65753335246476e-07,-1.97034455201063e-05,-0.000106106759301565,-0.0105927752219353
"kabwe","beta26",-0.00035165490891026,-4.38195244391182e-05,-7.11317267330032e-05,0.000112813656184591,-7.39795598026453e-05,0.000122018155332879,-9.68678868280455e-05,3.07431946380066e-05,-2.07236477437893e-05,6.0588277510032e-05,-9.7854829229938e-05,5.08970940129627e-05,-0.000133205060003894,4.46827483498833e-07,1.67910154949334e-05,-2.24401139636968e-05,3.56946316766448e-05,-3.92838404219137e-05,3.09415851853065e-07,0.00016297633385667,-0.000227833560624865,-9.00852482051293e-05,0.000285922899505955,0.000209444031441419,-0.000143947978621338,-6.79481583187846e-05,0.000210755965255639,-0.000135467195598689,0.0002585110817352,-0.000627976829530524,0.000194378423396887,0.000143090733603762,-5.55527108595685e-05,1.96874553386456e-05,-0.000139212946785604,0.000106705296494289,-1.03296130623282e-05,-2.39870351672172e-05,1.49854686286494e-05,-0.000452091221551616,0.00827064161151493
"kabwe","beta27",0.000753676603272711,-3.8214276069611e-05,7.9352221861496e-05,-1.80812035317755e-05,0.000116979702303889,-0.000404859281515489,0.000349026234977113,-5.73232917788492e-05,-7.29098024606731e-05,-4.07241625500443e-05,0.000194155961178385,-2.13085039323881e-05,0.000348472376886743,-3.06130543560515e-05,-9.51219297044888e-06,4.97125334989147e-05,-9.08922400110563e-06,-2.28714448787903e-06,-7.12807661106299e-05,-0.000227833560624865,0.000701857055719181,-0.000328744280427462,-5.68597205283244e-05,0.000140224362723483,0.000186187946523508,-9.41787037584952e-06,-0.000151853693591809,0.000245255335055459,-0.000585588497586298,0.00154480961140677,-0.000462123003202614,-0.000468062713449389,9.16166530852055e-05,-0.000215825607097616,0.000283016067485097,-0.000103563399037586,-5.09396122839627e-05,9.57743663894356e-05,-0.000128036515302955,0.000637901865853612,0.0400359709718683
"kabwe","beta28",-0.000306944629487103,0.000256249539577187,-0.000138220149649241,-0.000136150131716435,-3.45209321809603e-05,0.000335305473186171,-0.00030718032604773,-9.92956686864796e-05,0.000262339543040248,-9.39465551818139e-05,-5.80833510986385e-05,-0.000105206310768623,-0.000346341405044044,5.88335229925996e-05,-7.88066439137068e-06,3.15264796410902e-05,-0.000164849919172494,0.000283361180966472,2.57918440257963e-05,-9.00852482051293e-05,-0.000328744280427462,0.00117308703271443,-0.000820759406949922,-0.000916646040556344,-4.24656611258183e-05,0.000306359390432275,-0.000247935939365381,0.000330488141642998,-4.27895371483433e-05,-0.000146711405454881,0.000442536423985394,0.000219001936092979,-0.000345446289343313,0.000408158204380804,-1.20251153807195e-05,-0.000295935791840086,0.000315393127490219,-0.000332251365613737,0.000434037956711423,-2.01450166917206e-05,-0.0929137824803906
"kabwe","beta29",0.000228675069663795,-0.000306709873965776,-0.00036916416951455,0.000609214545743997,-0.000167018508536199,-2.88032670398928e-05,4.9489210712342e-06,0.000111569490205598,-0.000267091619693434,0.000276227999879905,-0.000198702498340768,0.000218498837764628,-0.0010358414931721,-4.38913460449377e-05,1.33007458957192e-05,2.6399742789426e-05,0.000150122193845485,-0.000225917167512221,-9.93597988553754e-05,0.000285922899505955,-5.68597205283244e-05,-0.000820759406949922,0.00153296323376771,0.00134079888991227,-0.0007023865786214,-0.000217420473833509,0.000763820029069459,-0.000699022559192796,0.000585165056989663,-7.45670721431706e-05,-0.000164043540577566,-5.32929844958729e-05,0.000392394079386346,-0.000423716768382805,-0.000100116217185198,0.000378703479198511,-7.82886813149456e-05,-7.88880282179168e-05,-4.12101123724487e-05,0.000157182451435688,0.0225696897682766
"kabwe","beta3",0.000854859369230801,-0.000344849764774602,-0.000391139539077027,0.00060512488264505,-0.000118512774662754,-0.000206976814231996,0.000228376023881349,7.8941445215682e-05,-0.00033300117016488,0.000323184449941317,-0.000188080873995802,0.000253178504393958,-0.000844635749098329,-0.000106604576171064,4.5623975999997e-05,1.15550265645449e-06,0.000114568912096509,-0.000142865199160535,-0.000151661117617228,0.000209444031441419,0.000140224362723483,-0.000916646040556344,0.00134079888991227,0.00184385574253833,-0.000512005950022431,-4.38403624314829e-05,0.000528680282726829,-0.000922422219195335,0.000518255042374855,2.98982916204929e-05,-0.000497607305934061,-0.000286855561590421,0.000594996908268346,-0.000478180839294281,-0.000148797197220583,0.00052318104336097,-0.000283022395661595,-5.2305681480599e-06,2.26288984766666e-05,0.000454345868296642,0.0768685036715991
"kabwe","beta30",-4.73872496718211e-06,8.97382558593932e-05,0.000433508946560568,-0.000292467887015593,0.000141232264646913,-0.000351448487003418,0.00039958420936326,-6.8948817393724e-05,-3.75067203225794e-05,-6.7760078954121e-05,0.000198480132869651,-6.64581914516415e-05,0.00119550971120969,1.20156690623186e-05,-8.29667532117016e-06,-7.65188616341317e-05,-6.57088667095779e-05,0.000181750908759497,5.1780402037761e-05,-0.000143947978621338,0.000186187946523508,-4.24656611258183e-05,-0.0007023865786214,-0.000512005950022431,0.00109519878176252,-0.000251820733757426,-0.000449155602230052,0.000687507013225365,-0.000507808526436303,0.000187940525293864,7.18217439208832e-05,8.10882079706303e-05,-4.02704774039472e-05,5.48148626675433e-05,0.000102392082956223,-4.71222183866045e-05,-0.000182970798709623,0.000280047558878498,-0.000293231631919643,-0.000881248581306781,0.0384353387110201
"kabwe","beta31",0.000429492668216603,2.79210065156437e-05,-0.000104325567494503,-7.78625524785822e-05,-2.44566129242582e-06,0.000139099289321845,-0.000156969662774884,-2.83738041458831e-05,9.13216262134673e-05,-4.1936014360701e-05,-4.38874685288196e-05,-1.819454846976e-05,-0.000442147919072995,-2.23606354268484e-05,6.04761804294275e-05,-2.80291832070115e-05,2.87964455743203e-05,-2.38068669880261e-05,-4.82694175804167e-06,-6.79481583187846e-05,-9.41787037584952e-06,0.000306359390432275,-0.000217420473833509,-4.38403624314829e-05,-0.000251820733757426,0.000607787711323026,-0.000438210509659838,-0.0002678371068652,9.29492462493238e-05,-3.00153995380993e-05,-5.15150866717582e-05,3.88381906460554e-05,-2.86479607004908e-05,0.000137948447289701,-4.05630853986152e-05,-3.64321613626708e-05,6.90994768374346e-05,-0.000165219010355295,0.000254613090835609,0.000576786637706172,-0.0283931820204894
"kabwe","beta32",-0.000496719743385266,-2.31371386988956e-05,-0.00034099573524714,0.000366750006951138,-2.17105760059561e-05,2.05271333551683e-05,-9.54588012257189e-05,-3.9670285784041e-05,0.000117635640702721,8.36766482243118e-05,-0.000170150068612096,0.000120012126592256,-0.000501203213038979,-1.12697963536648e-06,-3.98817540520973e-05,6.04346031038374e-05,-3.20867778681071e-05,0.000108342692500786,-2.36013141465e-05,0.000210755965255639,-0.000151853693591809,-0.000247935939365381,0.000763820029069459,0.000528680282726829,-0.000449155602230052,-0.000438210509659838,0.00127518202274134,-0.000801228444874427,0.000573097637416337,-0.000265973224443377,0.000170123396330198,-7.52146715454829e-05,2.68618968116982e-05,-0.000100640463190212,-7.15356758053055e-05,0.000103011607976455,8.64658319703233e-05,-0.000161650620456473,0.000101346724613448,-0.000283383623710248,0.00577792021668179
"kabwe","beta33",8.32246152759057e-05,8.94715891383014e-05,0.000428758034605166,-0.000168836672215199,-9.19325641205995e-05,-7.4537376348424e-05,0.000125082535291232,6.80161864505247e-05,-0.00020396475601398,-4.96148026969882e-05,0.000169002972049152,-7.79277517760505e-05,0.00100586568371702,4.70677961161113e-05,-2.44606237270359e-05,7.22826592348564e-05,-0.000145946161669281,0.000101555943655807,-5.77437341202779e-05,-0.000135467195598689,0.000245255335055459,0.000330488141642998,-0.000699022559192796,-0.000922422219195335,0.000687507013225365,-0.0002678371068652,-0.000801228444874427,0.00250212491184283,-0.00189446207741671,0.00102872683274788,0.000330328577834199,-0.000186483519178374,-0.000368670550412228,-7.85720412851079e-05,0.000286768084330877,-0.000308960772387214,0.000108738179440317,0.000127140597132365,-0.000281345232457036,-0.000901331771340108,-0.0087953393372633
"kabwe","beta34",-0.00155841485462607,-4.87972048444967e-05,-0.000412680724102884,0.000272723812064665,-5.51333085021719e-05,0.000240054356054359,-0.000123246931076138,-5.91247563681777e-05,6.76991123585635e-05,0.000201650935686849,-0.000176318013463075,3.31984351144443e-05,-0.000925448069688797,1.91154109303186e-06,5.08068434635401e-05,-0.00017149013575117,0.000159102562913212,-2.55637453350957e-05,9.2321678868914e-05,0.0002585110817352,-0.000585588497586298,-4.27895371483433e-05,0.000585165056989663,0.000518255042374855,-0.000507808526436303,9.29492462493238e-05,0.000573097637416337,-0.00189446207741671,0.00253315074195932,-0.00183036671398868,0.000120944817999984,0.000571188461400902,-1.71988421132607e-05,0.00040481138641705,-0.000500424331757782,0.000286942619087446,1.90305309468866e-05,-0.000163425704654103,0.000282269624280836,-0.000169393541310636,-0.00965649983802849
"kabwe","beta35",0.00198858990228139,1.65878603880993e-05,-5.46945026597847e-05,6.24446466173858e-05,0.000350922021952654,-0.00109826475330237,0.000837138898980547,-0.000157138103636994,-0.000103290164319946,-0.000235715158057063,0.000508540042147861,-9.79322061745201e-07,5.81712371072811e-06,-6.32011684529015e-05,-0.000111001824730863,0.000334949259769821,-0.000342988803395384,0.000294882924125229,-0.000224569664995884,-0.000627976829530524,0.00154480961140677,-0.000146711405454881,-7.45670721431706e-05,2.98982916204929e-05,0.000187940525293864,-3.00153995380993e-05,-0.000265973224443377,0.00102872683274788,-0.00183036671398868,0.00542200414686175,-0.00159399077477805,-0.00159950011344826,0.000347030710938715,-0.000499219573113324,0.000855540221626688,-0.000457186647239924,0.000139324535574364,-5.55840454736332e-05,-3.87475952490382e-06,0.00218225731167169,0.00701168876645843
"kabwe","beta36",-0.000386869079016245,5.85720082651137e-05,-8.49278105675495e-05,0.000216406912111101,-0.000347993577815595,0.000687806095528022,-0.000452930589263678,-6.93066273688092e-05,6.91785760714849e-06,0.000294496402599321,-0.000232225653767191,-0.000107453446440415,-0.000444184970591163,9.18346794502473e-05,8.70961537780163e-05,-0.000149723592155959,0.00020346116083837,-5.60809451146335e-05,0.000102423038885695,0.000194378423396887,-0.000462123003202614,0.000442536423985394,-0.000164043540577566,-0.000497607305934061,7.18217439208832e-05,-5.15150866717582e-05,0.000170123396330198,0.000330328577834199,0.000120944817999984,-0.00159399077477805,0.00184317772310737,0.00121140267747476,-0.00013285647313083,7.21085957538665e-05,-8.25289584714573e-06,-0.000125425039145145,0.000324830578171063,-0.000310513057541195,6.80696742407725e-05,-0.00157717743438383,-0.0818564260952418
"kabwe","beta37",-0.00016819410395245,3.80722926152302e-06,1.17172898734281e-05,8.83767218998228e-05,-0.000271786005546818,0.000592930793539062,-0.000391573900946851,1.22789115559024e-05,-5.33957897069041e-05,0.000254763993241685,-0.000184685269765405,-0.000134750504038813,-0.000639436836348295,0.000103487136031381,6.42140592136426e-05,-0.000157757448009746,0.000213407876171027,-0.000179834749511982,0.000134269929931178,0.000143090733603762,-0.000468062713449389,0.000219001936092979,-5.32929844958729e-05,-0.000286855561590421,8.10882079706303e-05,3.88381906460554e-05,-7.52146715454829e-05,-0.000186483519178374,0.000571188461400902,-0.00159950011344826,0.00121140267747476,0.00137056916454236,0.000197805890882935,2.80422104115609e-05,-1.74411810856422e-05,-3.04785284713613e-05,0.0002013154297193,-0.000214148147782874,-1.20136715371254e-05,-0.000801625001142648,-0.0838118089313464
"kabwe","beta38",0.00131754118368543,-7.46815567114106e-05,-8.56126741229202e-05,0.00022374588587097,-5.40970440167231e-05,-1.91968870034113e-05,-6.98927985546728e-05,0.00019483638946624,-0.000229469442684801,0.000148251491429254,-6.03915309313438e-05,4.62560222001307e-05,-0.000879663629932577,-2.33489216654357e-05,-2.94705197627847e-05,2.67945713031368e-05,2.0693862149362e-05,-5.23389324105062e-05,1.8148058166268e-05,-5.55527108595685e-05,9.16166530852055e-05,-0.000345446289343313,0.000392394079386346,0.000594996908268346,-4.02704774039472e-05,-2.86479607004908e-05,2.68618968116982e-05,-0.000368670550412228,-1.71988421132607e-05,0.000347030710938715,-0.00013285647313083,0.000197805890882935,0.00112899806600489,-0.000526419497733277,0.000275748685157362,0.000132940440102827,-6.96973953830481e-05,-5.76564014638478e-05,-9.09234036302097e-05,0.000739693409541031,-0.0486463198794056
"kabwe","beta4",-0.00107547006735875,0.000129438167964369,-2.31157803700397e-05,-0.000172476247747699,5.17549199485726e-05,9.25611618476768e-05,-2.82218043670444e-05,-0.000113057213276291,0.000176101451864876,-8.93795249710087e-05,1.73023683246375e-05,-4.24858377179487e-05,0.00028232375435065,8.58880469721375e-06,3.10074445299345e-05,-5.60285946128975e-05,-5.106957635584e-05,0.000123637423543362,4.33706387910975e-05,1.96874553386456e-05,-0.000215825607097616,0.000408158204380804,-0.000423716768382805,-0.000478180839294281,5.48148626675433e-05,0.000137948447289701,-0.000100640463190212,-7.85720412851079e-05,0.00040481138641705,-0.000499219573113324,7.21085957538665e-05,2.80422104115609e-05,-0.000526419497733277,0.000489809507073802,-0.000235832905538325,-8.94094536525536e-05,7.3802608170885e-05,-4.6421952703818e-05,0.000202153960006842,-0.000444214822912526,0.00602033339081852
"kabwe","beta5",0.000716518137246748,4.2856010568533e-05,7.94231194473326e-05,-2.54608468908698e-05,1.2953372599341e-05,-5.53735464028167e-05,-2.26080450879661e-05,2.66304725883429e-05,-4.09779416682057e-06,-3.20991245818825e-05,5.00729522298806e-05,-4.82578121380633e-05,-0.000103451464409207,1.99672675969094e-05,-3.38017763724349e-05,6.65488244085386e-05,-3.78968169210822e-05,1.0208748208009e-05,-5.14248231365298e-07,-0.000139212946785604,0.000283016067485097,-1.20251153807195e-05,-0.000100116217185198,-0.000148797197220583,0.000102392082956223,-4.05630853986152e-05,-7.15356758053055e-05,0.000286768084330877,-0.000500424331757782,0.000855540221626688,-8.25289584714573e-06,-1.74411810856422e-05,0.000275748685157362,-0.000235832905538325,0.000337568163085244,-0.000182818019347664,8.31237180831008e-05,-4.80740956527368e-05,-7.91041801131203e-05,0.000454982043394984,-0.0275580387670258
"kabwe","beta6",0.000110421688569238,-0.000128728372267883,-9.86869052774866e-05,0.000161943728468365,-5.29665240347741e-06,-9.76474792299237e-05,0.000113133523539924,5.68717718649127e-05,-0.000169029225330386,0.000111940354265515,-4.61145425677784e-05,0.000104553339754679,-7.66601406672832e-05,-5.18271853815316e-05,3.61716595760168e-05,-6.01605048696462e-05,8.48454996491173e-05,-5.99068280621608e-05,-3.12768258029346e-05,0.000106705296494289,-0.000103563399037586,-0.000295935791840086,0.000378703479198511,0.00052318104336097,-4.71222183866045e-05,-3.64321613626708e-05,0.000103011607976455,-0.000308960772387214,0.000286942619087446,-0.000457186647239924,-0.000125425039145145,-3.04785284713613e-05,0.000132940440102827,-8.94094536525536e-05,-0.000182818019347664,0.000340378096000062,-0.000221817616999894,9.15230488952894e-05,-2.02604859565231e-05,-0.000211904361814919,0.0260219415176055
"kabwe","beta7",-0.000219782911612078,9.04662973559387e-05,-9.36036818008705e-05,4.14670795471122e-05,-7.3990530300541e-05,0.000222419631169768,-0.00021438943298702,-3.80659930410159e-05,0.000120429385736985,6.80040500985218e-06,-5.62873102187485e-05,-6.12791896930175e-05,-0.000471111863926629,5.17883648062219e-05,-8.97078971227367e-06,3.00007948402749e-05,-4.05235886267537e-05,6.49393277810419e-05,2.65565571767933e-05,-1.03296130623282e-05,-5.09396122839627e-05,0.000315393127490219,-7.82886813149456e-05,-0.000283022395661595,-0.000182970798709623,6.90994768374346e-05,8.64658319703233e-05,0.000108738179440317,1.90305309468866e-05,0.000139324535574364,0.000324830578171063,0.0002013154297193,-6.96973953830481e-05,7.3802608170885e-05,8.31237180831008e-05,-0.000221817616999894,0.000319313473028711,-0.00026362864517577,0.000135083314749174,0.000118036636915655,-0.0503855994230086
"kabwe","beta8",-3.44428163736809e-05,-8.24756336171434e-05,0.000260432432151308,-0.000177395684162691,8.8906018731108e-05,-0.000241349256586344,0.000266750117598042,1.91638993768617e-05,-7.92792675637953e-05,-8.18170265529602e-05,0.000149964135249575,-4.47524164552265e-06,0.000859769676431694,-2.33041897626366e-05,-2.46623481455299e-05,-1.50363417092123e-05,4.18726626371023e-05,-0.000112171489333846,-6.65753335246476e-07,-2.39870351672172e-05,9.57743663894356e-05,-0.000332251365613737,-7.88880282179168e-05,-5.2305681480599e-06,0.000280047558878498,-0.000165219010355295,-0.000161650620456473,0.000127140597132365,-0.000163425704654103,-5.55840454736332e-05,-0.000310513057541195,-0.000214148147782874,-5.76564014638478e-05,-4.6421952703818e-05,-4.80740956527368e-05,9.15230488952894e-05,-0.00026362864517577,0.000394899960054751,-0.000316754901562022,-0.000157374072207013,0.0596011619953603
"kabwe","beta9",-0.000125580099008616,0.000109688012701277,-0.000353590862578806,0.000122595554279734,-2.89884894982682e-05,0.000169175008777984,-0.000187579903129498,-5.40447409154572e-05,9.92108295357457e-05,4.74778781060096e-05,-0.000145159917751084,4.54323292582504e-05,-0.000693479063114308,-1.80566983029408e-05,4.89606031469338e-05,-2.72953602203992e-06,-6.02768860877593e-05,0.000152369340043008,-1.97034455201063e-05,1.49854686286494e-05,-0.000128036515302955,0.000434037956711423,-4.12101123724487e-05,2.26288984766666e-05,-0.000293231631919643,0.000254613090835609,0.000101346724613448,-0.000281345232457036,0.000282269624280836,-3.87475952490382e-06,6.80696742407725e-05,-1.20136715371254e-05,-9.09234036302097e-05,0.000202153960006842,-7.91041801131203e-05,-2.02604859565231e-05,0.000135083314749174,-0.000316754901562022,0.000467045975884989,9.96463849771145e-05,-0.0404548937497898
"kabwe","p_G_D",0.00233294682039962,-0.000130711908669381,-6.84828770082784e-05,-0.000175206655626935,3.85011369468681e-05,2.49590775238598e-05,-0.000141845756008017,9.76947476924091e-05,-1.55057480567508e-05,-0.000111141984063179,0.000188894646415238,-8.84647414460311e-05,-0.00137948141121473,-1.31010735595322e-06,-0.000199708276544543,0.000319434839268488,-2.92333087003654e-05,-0.000306167593702631,-0.000106106759301565,-0.000452091221551616,0.000637901865853612,-2.01450166917206e-05,0.000157182451435688,0.000454345868296642,-0.000881248581306781,0.000576786637706172,-0.000283383623710248,-0.000901331771340108,-0.000169393541310636,0.00218225731167169,-0.00157717743438383,-0.000801625001142648,0.000739693409541031,-0.000444214822912526,0.000454982043394984,-0.000211904361814919,0.000118036636915655,-0.000157374072207013,9.96463849771145e-05,0.00705692634082344,-0.0602626685148691
"kabwe","start_date",-0.0593064893216615,-0.0211690006040037,0.0298790665577863,-0.0128447604443005,0.0160562611584298,-0.0552203448815193,0.0644598782649425,-0.00967180486638482,-0.00613319000925642,-0.0125433008155149,0.0207370084000965,0.0104045565304693,0.184034914285668,-0.00892110887048035,0.000383261680613534,-0.00367307891585751,0.00115876442917585,-0.00572899373490174,-0.0105927752219353,0.00827064161151493,0.0400359709718683,-0.0929137824803906,0.0225696897682766,0.0768685036715991,0.0384353387110201,-0.0283931820204894,0.00577792021668179,-0.0087953393372633,-0.00965649983802849,0.00701168876645843,-0.0818564260952418,-0.0838118089313464,-0.0486463198794056,0.00602033339081852,-0.0275580387670258,0.0260219415176055,-0.0503855994230086,0.0596011619953603,-0.0404548937497898,-0.0602626685148691,24.3375581356963
