"region","name","beta1","beta10","beta11","beta12","beta13","beta14","beta15","beta16","beta17","beta18","beta19","beta2","beta20","beta21","beta22","beta23","beta24","beta25","beta26","beta27","beta28","beta29","beta3","beta30","beta31","beta32","beta33","beta34","beta35","beta36","beta37","beta38","beta4","beta5","beta6","beta7","beta8","beta9","p_G_D","start_date"
"kabwe","beta1",7.1211413530951e-05,2.88003042673577e-05,1.67018244283498e-05,-1.21536029458361e-05,1.7391420085488e-05,1.17799642343755e-05,-4.5168494121555e-06,-1.05313180220556e-05,-8.81579117279265e-06,2.50811787106219e-05,-1.22620310435455e-05,3.70871800422837e-06,6.11258134785718e-06,1.17877659832438e-05,-1.17383450967288e-05,-1.73668869333948e-05,2.46864494255963e-05,-6.78391266459573e-06,2.54470968071517e-06,1.33124307468446e-05,1.95382910614371e-05,-6.12750342772633e-07,1.15364078580945e-05,-1.58718177489246e-05,-1.02108083275075e-05,-2.04271505599882e-05,1.43404317834632e-05,3.21353779716369e-06,4.38115270015102e-06,-9.04023757727708e-06,2.9399424811939e-06,-1.72023992436724e-05,-1.05366295522229e-05,-8.20373895223129e-06,-1.67282998325846e-05,-1.81581689129372e-05,2.06203268741073e-06,8.27893805812261e-06,-0.000264873181357971,0.0170302251829111
"kabwe","beta10",2.88003042673577e-05,0.000429000550563101,-4.95090268057735e-05,-8.79666644202499e-05,-3.97558576654627e-05,7.81037156106145e-06,-6.91467121651048e-05,-6.42779404591769e-05,3.43260953779621e-05,2.28390027857519e-05,-1.2620687732965e-05,-2.39709496077567e-05,1.84982332489113e-06,4.64728268997348e-05,-3.48035729808887e-05,-3.26303086936533e-05,1.83991953309108e-05,-3.2020251980199e-06,3.90390427201318e-06,-3.71693114372795e-05,0.000117197897346102,8.85349597940709e-05,9.06203107180512e-05,-8.36639628328354e-05,-4.86039948219424e-05,-0.000103944743004558,0.000166275234426274,-0.000195139248211123,9.08786939978352e-06,-1.77901797345172e-05,-4.73163795406567e-05,1.71202112611093e-05,-0.000239627870790445,3.39767208864361e-05,1.47344496757355e-05,-6.17095581210597e-05,-6.60186874698093e-05,5.7359368260742e-05,0.000400867853053027,0.00800710084294257
"kabwe","beta11",1.67018244283498e-05,-4.95090268057735e-05,0.000578853002815123,-3.35477251242274e-05,-0.000195207567541381,-6.01940775007809e-05,-2.75097671848537e-06,0.000144858447746614,-0.000106247849404553,-0.000184056035811985,2.1210887965139e-05,-2.67179897086963e-05,1.36403100617572e-05,-1.52746135110228e-05,4.35356000390455e-05,-4.37672721919355e-05,-2.59776717565121e-05,3.41991524623827e-05,-1.83961992583887e-05,9.18451732024069e-07,-7.20009087243204e-05,2.28840009598195e-05,1.30655315901884e-05,-4.46888904989641e-05,-2.4477748957591e-05,0.000207884185279797,-1.12088411204411e-06,4.78195068180873e-05,-0.000129831769682028,0.000253269859414249,0.000156512738671773,-3.67330230398521e-05,-2.18263787398849e-05,4.46091786295957e-05,-0.0001262295277252,-7.68602570860831e-05,0.00013470342470436,-5.780108754663e-05,-0.00022850533060502,0.014419173913077
"kabwe","beta12",-1.21536029458361e-05,-8.79666644202499e-05,-3.35477251242274e-05,0.000266923057253671,-7.33082443026025e-05,-3.24503534206069e-05,-2.93718101827031e-05,0.000117547059463793,-7.66650303310574e-05,-5.8823731721462e-05,9.74267666618653e-06,-1.06974675282936e-05,1.26015842325207e-05,-5.05481615966615e-05,5.62564484393114e-05,-8.48280281027081e-06,-1.95758886828205e-05,-2.09800761377476e-06,2.59110721929616e-05,-4.41016079217026e-05,-3.16036540600712e-05,-6.25250441629556e-05,-4.54306557397049e-05,0.000105752960741493,-8.25896288545254e-05,0.000133137873248603,-7.04822436052603e-05,6.62849659698042e-05,-5.01214356602125e-05,-7.54858187687308e-06,2.20217018524715e-05,-6.20718101233568e-06,0.000115574767175912,-1.95045206353256e-05,-4.05705761586252e-06,1.24964289446997e-05,3.80934326737284e-05,-7.56396594243856e-05,0.000130470167824409,0.00109091724249256
"kabwe","beta13",1.7391420085488e-05,-3.97558576654627e-05,-0.000195207567541381,-7.33082443026025e-05,0.000608811935949603,-2.50415518186173e-06,-7.78721782198013e-05,-7.78272005194814e-05,-7.35918379565177e-05,7.94032849580594e-05,-2.71265300046272e-05,-1.39090061190231e-05,5.3141087962397e-06,2.03647926460284e-05,6.94031542012873e-06,-3.2996525334502e-05,4.0184889383861e-05,-1.78678721960323e-05,-3.44097788210256e-05,8.13772979120774e-05,1.54088203968202e-05,4.79172360290553e-05,1.37522032210008e-05,-5.28633603032379e-05,7.97277450008527e-06,-9.9069896115054e-05,2.64450932563828e-05,5.9071404483563e-05,0.000106523713913363,-5.2246912152624e-05,2.37842508233481e-05,5.06003163022767e-05,-2.87270250504262e-05,7.31272797520538e-06,-3.68828590845588e-05,3.04018297104461e-05,-3.9506055709937e-05,3.84814084651722e-05,-0.00137303321591325,0.0263941583908012
"kabwe","beta14",1.17799642343755e-05,7.81037156106145e-06,-6.01940775007809e-05,-3.24503534206069e-05,-2.50415518186173e-06,0.000288953622597235,-4.73883161304198e-05,-7.55553947614755e-05,-3.10407820581439e-05,1.90553322939958e-05,-1.64840830355299e-05,-2.2012002317703e-06,1.70864337038527e-05,-2.59967317463565e-05,-2.72921541690968e-06,1.78426171298544e-05,5.43936683065307e-06,-1.01285835022862e-05,-8.44960097001762e-06,2.29103451327462e-05,-1.18234508806921e-05,6.50737086036705e-06,-8.5538816681288e-06,-1.93364411054153e-05,2.36153229494773e-05,3.35022731795233e-05,3.19357063185361e-05,-4.58810499813905e-05,0.000162424447150746,-6.9281925105746e-05,-5.83971531216366e-05,5.26870462228227e-05,9.8107932984094e-05,-1.79377558638094e-05,-2.80947612683036e-05,-2.69881740167567e-05,-5.53904716630699e-05,-1.0172937007632e-05,-0.000129062387422813,0.0070690521367388
"kabwe","beta15",-4.5168494121555e-06,-6.91467121651048e-05,-2.75097671848537e-06,-2.93718101827031e-05,-7.78721782198013e-05,-4.73883161304198e-05,0.000362301065781167,-0.000126692092474595,-8.94117540066619e-05,6.04257348416008e-05,3.15929037531672e-05,-1.70154455479356e-05,-3.13553299138767e-05,-1.51646524845685e-05,3.68387023494033e-05,-2.3469274732307e-05,1.21690424808581e-05,-8.34733123527946e-06,-9.02995985064112e-07,-4.03151277218743e-05,4.09214534151717e-05,-2.67872327463306e-05,-1.38533000587591e-05,-4.0117508617055e-07,6.64934383816578e-05,-6.28690711880203e-05,4.62142026200649e-05,-0.000121466097912312,9.83410761089053e-05,-9.40386465575663e-05,-0.000123893812659405,-4.58680804934085e-06,-9.7362752998882e-06,-1.49981085404978e-05,1.94738588050856e-05,1.49938378967299e-05,-3.97128062584312e-05,1.32053700429425e-05,0.00070838592569879,-0.0224692314450851
"kabwe","beta16",-1.05313180220556e-05,-6.42779404591769e-05,0.000144858447746614,0.000117547059463793,-7.78272005194814e-05,-7.55553947614755e-05,-0.000126692092474595,0.000768751953618973,-0.000141183741090873,-0.000192667925979158,1.0387810772196e-06,5.5123475732206e-05,-9.85258606211762e-07,5.41573535979132e-05,-4.1632144875291e-05,4.89104939164455e-05,-6.23439103992314e-05,1.6647362203716e-05,-1.01845584619091e-05,6.98879595566943e-05,-0.000143017352447678,3.23256803953164e-05,-2.22663387347245e-05,-2.15117842631562e-06,-8.19092021517004e-06,0.000124175662964742,3.5930889334996e-06,8.33110797799217e-05,-0.000236712059102104,0.000109634940666069,0.000131031820106499,-2.65096596314172e-05,-0.000201529765040367,-5.02946385681966e-05,-3.51453746524181e-05,-3.53420432476801e-05,-1.21013207532005e-05,4.26280466575438e-06,-0.00056923661488854,-0.0101004027029946
"kabwe","beta17",-8.81579117279265e-06,3.43260953779621e-05,-0.000106247849404553,-7.66650303310574e-05,-7.35918379565177e-05,-3.10407820581439e-05,-8.94117540066619e-05,-0.000141183741090873,0.000554265526441582,-0.000247547603631741,1.24427475919532e-06,-1.58852755770205e-05,3.08759943457306e-05,-1.40094331545748e-05,-1.51686146312138e-05,1.30887152495185e-05,3.7276136958951e-06,9.77833689458922e-06,2.8261930972987e-05,-2.95073306234273e-05,1.54817531601054e-05,-2.26486254503033e-05,-1.31725000819228e-05,-1.81021872627094e-05,-1.78628141577799e-05,4.3524301917716e-05,-3.61746188452787e-05,-4.74388852893115e-05,7.12496446512548e-05,-3.69782472174669e-05,-3.3233038495449e-05,1.20459927453094e-05,0.000125972349520688,4.17203727307358e-05,3.22135712935664e-05,1.85675369024303e-05,-2.59599482503634e-05,8.54190651774358e-06,-0.000142736094342262,-0.00525351979205471
"kabwe","beta18",2.50811787106219e-05,2.28390027857519e-05,-0.000184056035811985,-5.8823731721462e-05,7.94032849580594e-05,1.90553322939958e-05,6.04257348416008e-05,-0.000192667925979158,-0.000247547603631741,0.00090294097506416,-0.00010878609321187,6.49852537188128e-05,-4.84219018064896e-05,6.73814307106853e-05,-4.22168857501946e-05,1.05189667551879e-05,1.48089384633248e-05,-3.84623291417679e-05,1.02675082880506e-05,3.68447306689046e-05,6.01050176488842e-05,7.27296078442463e-05,3.56174024969854e-05,-4.06541206659278e-05,-2.2251645626872e-05,-0.000275545747988725,6.18947437510651e-05,-7.59843963992578e-05,1.91272284852775e-05,-2.72939755327288e-05,7.08719291289486e-06,-3.75966905356249e-05,-0.000132617095338634,1.95235480833567e-05,-7.30355179913051e-05,3.07286089190134e-05,-5.37841659065642e-05,5.26854425344279e-05,0.00128805839901074,0.0185313965875466
"kabwe","beta19",-1.22620310435455e-05,-1.2620687732965e-05,2.1210887965139e-05,9.74267666618653e-06,-2.71265300046272e-05,-1.64840830355299e-05,3.15929037531672e-05,1.0387810772196e-06,1.24427475919532e-06,-0.00010878609321187,0.000120616031015864,-9.54721551302813e-06,-5.33379949994288e-05,-2.15561264235232e-05,7.99818759259908e-06,-1.16098495397483e-05,2.45376201485951e-05,-7.9741971185641e-07,-4.87596630608969e-06,-8.63688050455339e-06,-1.42734865145505e-05,-3.85145611882423e-05,-2.18255739729098e-05,7.32650682889145e-06,7.72258937209943e-05,5.17131149256291e-05,-6.47883755450136e-05,3.71144081752443e-05,-2.08198054658236e-05,3.25917976349321e-06,2.58427002000797e-05,-1.68844898218713e-05,3.2270285420016e-05,1.36563248344593e-05,3.50332481356079e-05,-2.05723167870572e-05,-2.48872791852749e-05,-1.29631059003084e-06,9.76707819035451e-06,-0.00937567987235874
"kabwe","beta2",3.70871800422837e-06,-2.39709496077567e-05,-2.67179897086963e-05,-1.06974675282936e-05,-1.39090061190231e-05,-2.2012002317703e-06,-1.70154455479356e-05,5.5123475732206e-05,-1.58852755770205e-05,6.49852537188128e-05,-9.54721551302813e-06,0.000123983919286318,-5.3949638910174e-06,1.62863926504212e-05,1.0264984114332e-05,-4.03379641544614e-05,2.36422454300358e-05,-6.89697196015748e-06,-5.63832657285866e-06,3.00875006388061e-05,2.68197078100874e-05,-3.36328152590403e-05,-2.06643403526246e-05,1.58411230345535e-06,-1.36549571043509e-05,3.5218362195262e-06,-9.93234792306056e-06,-3.24746708965988e-05,-1.44488851400565e-06,8.53311529304933e-07,3.40232112022631e-05,1.55871476206283e-05,-4.87898753803152e-06,-9.76869719242615e-06,-5.14474049956218e-05,2.37631681758973e-05,-1.14315112514765e-05,5.43422042181858e-06,-2.69838964450411e-06,0.0111467948275244
"kabwe","beta20",6.11258134785718e-06,1.84982332489113e-06,1.36403100617572e-05,1.26015842325207e-05,5.3141087962397e-06,1.70864337038527e-05,-3.13553299138767e-05,-9.85258606211762e-07,3.08759943457306e-05,-4.84219018064896e-05,-5.33379949994288e-05,-5.3949638910174e-06,0.000106782922366497,-7.29202900969555e-05,-1.09288481118163e-06,1.53448755097669e-05,-1.54855127378337e-05,-3.39374512324745e-07,5.51976193910245e-06,-1.83078307350958e-06,1.51026952376318e-05,1.3317303698327e-05,-5.72085288822125e-07,-7.36627512410014e-06,-1.57205916965044e-05,-5.14031673349411e-05,5.51615430335355e-05,-6.98309948419302e-06,-1.22815765832817e-05,-6.10711806341676e-06,1.7676973685027e-06,9.7986087331244e-06,-2.9376550055555e-05,-9.56812809089567e-06,-1.65983871643308e-05,1.16668711663866e-05,2.87044743124608e-05,-2.7906007943771e-06,-0.00036226936049661,-0.00148795223630721
"kabwe","beta21",1.17877659832438e-05,4.64728268997348e-05,-1.52746135110228e-05,-5.05481615966615e-05,2.03647926460284e-05,-2.59967317463565e-05,-1.51646524845685e-05,5.41573535979132e-05,-1.40094331545748e-05,6.73814307106853e-05,-2.15561264235232e-05,1.62863926504212e-05,-7.29202900969555e-05,0.000223508917938609,-0.000122277708273188,-5.66335638733501e-05,2.90306557541047e-05,-4.79604325729522e-06,-9.61808395870914e-06,3.3356324531637e-05,-2.82922424286336e-05,9.62141015006469e-05,5.11616064149163e-05,-5.13519886981344e-05,3.23881295685603e-05,-7.30626357782561e-05,2.74270271578426e-05,-3.63514588871224e-05,-3.98218178031471e-05,2.67461776486123e-05,-1.04530512963958e-05,-7.55803950909992e-07,-7.236091811204e-06,-9.0337093164404e-06,-4.39422395558623e-05,-1.23794406294762e-05,-3.50223505360414e-05,4.90375409479466e-05,9.77123288999863e-06,0.00856245234241287
"kabwe","beta22",-1.17383450967288e-05,-3.48035729808887e-05,4.35356000390455e-05,5.62564484393114e-05,6.94031542012873e-06,-2.72921541690968e-06,3.68387023494033e-05,-4.1632144875291e-05,-1.51686146312138e-05,-4.22168857501946e-05,7.99818759259908e-06,1.0264984114332e-05,-1.09288481118163e-06,-0.000122277708273188,0.000253731949006511,-0.000144325338060825,-6.85154333056423e-06,1.79289451186851e-05,-1.16579458523335e-06,-4.39057246628504e-05,-1.37297697925953e-05,-1.14643114756893e-05,-1.12045464273426e-05,3.32238704704089e-05,-5.22256140357682e-05,0.00018472724250798,-0.000108311753201384,9.86934904085037e-05,-1.54197498021475e-05,8.07893530479776e-05,2.03419025689074e-05,2.01635529581237e-06,2.68395163238555e-05,3.29906299662719e-06,3.39168564699969e-05,-1.07428117990288e-06,2.7484061082229e-05,-6.79913178840911e-05,0.000353752082339867,0.0180526307878839
"kabwe","beta23",-1.73668869333948e-05,-3.26303086936533e-05,-4.37672721919355e-05,-8.48280281027081e-06,-3.2996525334502e-05,1.78426171298544e-05,-2.3469274732307e-05,4.89104939164455e-05,1.30887152495185e-05,1.05189667551879e-05,-1.16098495397483e-05,-4.03379641544614e-05,1.53448755097669e-05,-5.66335638733501e-05,-0.000144325338060825,0.000453747295963043,-0.000279272889344763,3.96002976808777e-05,2.76490361972697e-05,3.92807004103375e-05,-4.26936690433765e-05,-0.000120114755937499,-4.20318296296468e-05,2.65213152577748e-05,1.64747578105396e-06,-3.95560503378302e-05,0.000133239190687342,-6.47029354283236e-05,9.11627141970122e-05,-0.000108022477866423,2.42947885739019e-06,-2.66079766899089e-05,3.88567292559686e-06,-1.18965830987364e-05,2.36547257380761e-05,1.50277125969079e-05,1.79781816012126e-05,1.03369105999263e-05,0.00027170217125672,-0.0361823124607009
"kabwe","beta24",2.46864494255963e-05,1.83991953309108e-05,-2.59776717565121e-05,-1.95758886828205e-05,4.0184889383861e-05,5.43936683065307e-06,1.21690424808581e-05,-6.23439103992314e-05,3.7276136958951e-06,1.48089384633248e-05,2.45376201485951e-05,2.36422454300358e-05,-1.54855127378337e-05,2.90306557541047e-05,-6.85154333056423e-06,-0.000279272889344763,0.000358681208045872,-8.6411879531143e-05,-2.74439360911966e-05,1.25087483639699e-05,9.64374548273162e-05,1.47151157159865e-05,1.59535437379722e-05,2.58528661978074e-05,-1.09293937808364e-05,-6.06108383904957e-05,-6.12270095577785e-05,5.65395927553511e-05,-3.7505540177169e-05,-2.79967891180225e-06,-4.28665610852155e-05,1.52173507251839e-05,-2.47160708675949e-05,2.35822182641884e-05,2.97216013314716e-06,1.74993948347243e-05,-3.91437801785409e-05,5.37540595036105e-06,-0.000494641751095318,0.0127732088149302
"kabwe","beta25",-6.78391266459573e-06,-3.2020251980199e-06,3.41991524623827e-05,-2.09800761377476e-06,-1.78678721960323e-05,-1.01285835022862e-05,-8.34733123527946e-06,1.6647362203716e-05,9.77833689458922e-06,-3.84623291417679e-05,-7.9741971185641e-07,-6.89697196015748e-06,-3.39374512324745e-07,-4.79604325729522e-06,1.79289451186851e-05,3.96002976808777e-05,-8.6411879531143e-05,7.03458528522842e-05,-1.01817514111087e-05,-2.21190219032114e-05,-3.26357101682874e-05,4.78615405618699e-06,3.11068656865748e-06,-1.62181225224197e-05,-4.50757381969832e-06,6.25145869053922e-05,1.34739552720012e-05,-1.63151421872435e-05,1.12412998016727e-05,2.71116954844552e-05,1.5294598360725e-05,-6.32598960650858e-06,5.27089196637376e-06,-3.29819137442567e-06,-1.0041813816131e-05,-9.62664971012625e-06,3.27259139784178e-05,-1.25262690190369e-05,0.000221168848559439,-0.00421748736633838
"kabwe","beta26",2.54470968071517e-06,3.90390427201318e-06,-1.83961992583887e-05,2.59110721929616e-05,-3.44097788210256e-05,-8.44960097001762e-06,-9.02995985064112e-07,-1.01845584619091e-05,2.8261930972987e-05,1.02675082880506e-05,-4.87596630608969e-06,-5.63832657285866e-06,5.51976193910245e-06,-9.61808395870914e-06,-1.16579458523335e-06,2.76490361972697e-05,-2.74439360911966e-05,-1.01817514111087e-05,8.47534619154875e-05,-4.38031433627901e-05,-3.77012639974653e-05,-1.49978099572981e-05,-2.92913858580337e-06,5.20088329699944e-06,-1.37539224086111e-05,-1.88958349766805e-05,-2.25966383982923e-06,-1.87142749673002e-05,3.34728767912802e-05,-2.79799674071266e-05,-1.20506518232854e-05,4.42624962349864e-06,1.25523763546141e-05,4.92555542946282e-06,1.74667067192531e-05,-3.78465601479669e-06,-2.59273888803361e-06,-4.7845587438468e-06,0.000302420126850874,0.00154510860510969
"kabwe","beta27",1.33124307468446e-05,-3.71693114372795e-05,9.18451732024069e-07,-4.41016079217026e-05,8.13772979120774e-05,2.29103451327462e-05,-4.03151277218743e-05,6.98879595566943e-05,-2.95073306234273e-05,3.68447306689046e-05,-8.63688050455339e-06,3.00875006388061e-05,-1.83078307350958e-06,3.3356324531637e-05,-4.39057246628504e-05,3.92807004103375e-05,1.25087483639699e-05,-2.21190219032114e-05,-4.38031433627901e-05,0.000309728746307238,-0.00013855540151546,1.59625240656135e-05,3.7526643430371e-05,-0.000112960851352543,-2.18238842179343e-05,-3.356084572039e-05,-1.41820962997819e-05,7.06648920052562e-05,-4.88076855359295e-05,1.17461524196341e-05,-3.58168330482167e-06,1.49454798826406e-05,-8.33897178742298e-05,-1.48898597239242e-05,-1.0633093457893e-05,2.7573287275138e-05,-4.08866318832832e-05,1.82187753906245e-05,-0.000511022857187388,-0.00478808670383908
"kabwe","beta28",1.95382910614371e-05,0.000117197897346102,-7.20009087243204e-05,-3.16036540600712e-05,1.54088203968202e-05,-1.18234508806921e-05,4.09214534151717e-05,-0.000143017352447678,1.54817531601054e-05,6.01050176488842e-05,-1.42734865145505e-05,2.68197078100874e-05,1.51026952376318e-05,-2.82922424286336e-05,-1.37297697925953e-05,-4.26936690433765e-05,9.64374548273162e-05,-3.26357101682874e-05,-3.77012639974653e-05,-0.00013855540151546,0.000829452981617352,-0.000270053635245279,-2.11531693041479e-05,-6.00699763972796e-05,-0.000177968985881063,-0.000215268250199598,-7.07254204435236e-05,0.000217577313421267,-6.25287994659845e-05,2.45898599413577e-05,-0.000103497259568733,-3.23852974985111e-05,-3.43266505951136e-05,8.0079208904867e-05,-2.02295773622944e-05,8.53805777322428e-06,-2.99091185595133e-05,5.73234541082592e-06,-0.000350944852144034,0.0068089557592446
"kabwe","beta29",-6.12750342772633e-07,8.85349597940709e-05,2.28840009598195e-05,-6.25250441629556e-05,4.79172360290553e-05,6.50737086036705e-06,-2.67872327463306e-05,3.23256803953164e-05,-2.26486254503033e-05,7.27296078442463e-05,-3.85145611882423e-05,-3.36328152590403e-05,1.3317303698327e-05,9.62141015006469e-05,-1.14643114756893e-05,-0.000120114755937499,1.47151157159865e-05,4.78615405618699e-06,-1.49978099572981e-05,1.59625240656135e-05,-0.000270053635245279,0.000924964009811239,9.9526906090832e-05,-0.000317700334870023,-0.000108645660859087,-0.00023505333299188,0.000138881988979418,-8.44045382861843e-05,-0.000235672852001974,9.93572744861732e-05,3.7436634705194e-05,-8.80056184065125e-05,-0.000168988095278404,-2.67568561294005e-05,-2.15348244821184e-05,6.68671389965646e-06,-1.77613995047492e-05,4.34916140749718e-05,-0.000918407174831468,0.00570198848697927
"kabwe","beta3",1.15364078580945e-05,9.06203107180512e-05,1.30655315901884e-05,-4.54306557397049e-05,1.37522032210008e-05,-8.5538816681288e-06,-1.38533000587591e-05,-2.22663387347245e-05,-1.31725000819228e-05,3.56174024969854e-05,-2.18255739729098e-05,-2.06643403526246e-05,-5.72085288822125e-07,5.11616064149163e-05,-1.12045464273426e-05,-4.20318296296468e-05,1.59535437379722e-05,3.11068656865748e-06,-2.92913858580337e-06,3.7526643430371e-05,-2.11531693041479e-05,9.9526906090832e-05,0.000294795881653583,-4.02391717614274e-05,-7.91873710486905e-06,-0.000178343528018752,6.0764117762654e-05,0.000123958028439606,-0.000206725989305409,0.000109556137486194,1.55381253823876e-06,-1.48882701420061e-05,-0.000196753020305539,4.07855679822848e-05,-4.84939668194048e-05,-1.94805051279579e-05,-1.06839089879348e-05,-1.87824686114953e-05,0.00112433189126507,0.0333005550722899
"kabwe","beta30",-1.58718177489246e-05,-8.36639628328354e-05,-4.46888904989641e-05,0.000105752960741493,-5.28633603032379e-05,-1.93364411054153e-05,-4.0117508617055e-07,-2.15117842631562e-06,-1.81021872627094e-05,-4.06541206659278e-05,7.32650682889145e-06,1.58411230345535e-06,-7.36627512410014e-06,-5.13519886981344e-05,3.32238704704089e-05,2.65213152577748e-05,2.58528661978074e-05,-1.62181225224197e-05,5.20088329699944e-06,-0.000112960851352543,-6.00699763972796e-05,-0.000317700334870023,-4.02391717614274e-05,0.000952146104884617,-0.000315993418235855,0.0001521717850269,-0.000184158247562273,-0.000117605002075229,9.09245348942426e-05,-5.79495318667592e-05,-8.15746405576869e-05,-5.92127077108138e-05,0.00016739512205071,-4.85077160555258e-05,0.000139749166217842,-1.69020314945063e-05,-1.23760771603204e-05,9.85940280070097e-06,0.00166083048729127,0.015669201732472
"kabwe","beta31",-1.02108083275075e-05,-4.86039948219424e-05,-2.4477748957591e-05,-8.25896288545254e-05,7.97277450008527e-06,2.36153229494773e-05,6.64934383816578e-05,-8.19092021517004e-06,-1.78628141577799e-05,-2.2251645626872e-05,7.72258937209943e-05,-1.36549571043509e-05,-1.57205916965044e-05,3.23881295685603e-05,-5.22256140357682e-05,1.64747578105396e-06,-1.09293937808364e-05,-4.50757381969832e-06,-1.37539224086111e-05,-2.18238842179343e-05,-0.000177968985881063,-0.000108645660859087,-7.91873710486905e-06,-0.000315993418235855,0.00145191186248274,-0.000487111650521472,-0.000152330464876943,-3.0799076044955e-05,2.16561243110513e-05,-9.75457616844695e-05,6.63018487896649e-05,9.04853340570764e-05,-7.08134628578406e-05,3.69637060500261e-05,-0.000106824006617341,-7.37586763803857e-06,4.38738036434483e-05,1.45808847324705e-05,-0.00169276092286113,-0.0550854437904036
"kabwe","beta32",-2.04271505599882e-05,-0.000103944743004558,0.000207884185279797,0.000133137873248603,-9.9069896115054e-05,3.35022731795233e-05,-6.28690711880203e-05,0.000124175662964742,4.3524301917716e-05,-0.000275545747988725,5.17131149256291e-05,3.5218362195262e-06,-5.14031673349411e-05,-7.30626357782561e-05,0.00018472724250798,-3.95560503378302e-05,-6.06108383904957e-05,6.25145869053922e-05,-1.88958349766805e-05,-3.356084572039e-05,-0.000215268250199598,-0.00023505333299188,-0.000178343528018752,0.0001521717850269,-0.000487111650521472,0.0015864486324276,-0.000439570426363738,-0.000232330122836675,0.000311985461048493,0.000163527772824601,6.39830776132582e-05,1.09580979634083e-05,0.000332989769414309,-5.9181560109613e-05,3.00737750802733e-05,-2.6806461845907e-05,0.000110141864759313,-0.000106458435608109,0.000679531984963014,0.051922501883145
"kabwe","beta33",1.43404317834632e-05,0.000166275234426274,-1.12088411204411e-06,-7.04822436052603e-05,2.64450932563828e-05,3.19357063185361e-05,4.62142026200649e-05,3.5930889334996e-06,-3.61746188452787e-05,6.18947437510651e-05,-6.47883755450136e-05,-9.93234792306056e-06,5.51615430335355e-05,2.74270271578426e-05,-0.000108311753201384,0.000133239190687342,-6.12270095577785e-05,1.34739552720012e-05,-2.25966383982923e-06,-1.41820962997819e-05,-7.07254204435236e-05,0.000138881988979418,6.0764117762654e-05,-0.000184158247562273,-0.000152330464876943,-0.000439570426363738,0.00137314337635931,-0.000507255198890036,-0.000144492198342449,0.000103610838127122,6.63445599148717e-05,-2.91521173582931e-05,-0.000169022939007912,1.82276659799844e-06,-8.4160170599078e-05,-4.8719831595692e-05,-2.25675874948015e-05,5.39830427242909e-05,0.000525329164952502,0.00411565113009638
"kabwe","beta34",3.21353779716369e-06,-0.000195139248211123,4.78195068180873e-05,6.62849659698042e-05,5.9071404483563e-05,-4.58810499813905e-05,-0.000121466097912312,8.33110797799217e-05,-4.74388852893115e-05,-7.59843963992578e-05,3.71144081752443e-05,-3.24746708965988e-05,-6.98309948419302e-06,-3.63514588871224e-05,9.86934904085037e-05,-6.47029354283236e-05,5.65395927553511e-05,-1.63151421872435e-05,-1.87142749673002e-05,7.06648920052562e-05,0.000217577313421267,-8.44045382861843e-05,0.000123958028439606,-0.000117605002075229,-3.0799076044955e-05,-0.000232330122836675,-0.000507255198890036,0.00203895127034275,-0.000545479241673675,-1.78362268003421e-05,0.000184523309474685,-5.54379995286219e-05,2.67939840157441e-05,-1.19067391358673e-05,5.49087713082956e-05,8.9473377622435e-05,-2.04457532406293e-05,-7.95483934291525e-05,-0.000912097551733513,-0.00702066393708088
"kabwe","beta35",4.38115270015102e-06,9.08786939978352e-06,-0.000129831769682028,-5.01214356602125e-05,0.000106523713913363,0.000162424447150746,9.83410761089053e-05,-0.000236712059102104,7.12496446512548e-05,1.91272284852775e-05,-2.08198054658236e-05,-1.44488851400565e-06,-1.22815765832817e-05,-3.98218178031471e-05,-1.54197498021475e-05,9.11627141970122e-05,-3.7505540177169e-05,1.12412998016727e-05,3.34728767912802e-05,-4.88076855359295e-05,-6.25287994659845e-05,-0.000235672852001974,-0.000206725989305409,9.09245348942426e-05,2.16561243110513e-05,0.000311985461048493,-0.000144492198342449,-0.000545479241673675,0.00200169282387008,-0.00048614953002899,-0.000287180274613421,0.000218481501353303,0.000313106836462871,-9.49347013248982e-06,-9.79058124302242e-05,-5.45332315708015e-05,2.74604711475146e-05,-1.10719701093526e-05,0.000664183153096047,-0.0151863196620291
"kabwe","beta36",-9.04023757727708e-06,-1.77901797345172e-05,0.000253269859414249,-7.54858187687308e-06,-5.2246912152624e-05,-6.9281925105746e-05,-9.40386465575663e-05,0.000109634940666069,-3.69782472174669e-05,-2.72939755327288e-05,3.25917976349321e-06,8.53311529304933e-07,-6.10711806341676e-06,2.67461776486123e-05,8.07893530479776e-05,-0.000108022477866423,-2.79967891180225e-06,2.71116954844552e-05,-2.79799674071266e-05,1.17461524196341e-05,2.45898599413577e-05,9.93572744861732e-05,0.000109556137486194,-5.79495318667592e-05,-9.75457616844695e-05,0.000163527772824601,0.000103610838127122,-1.78362268003421e-05,-0.00048614953002899,0.000920601052053455,0.000169161461963629,-3.05954705013407e-05,-0.000167758753950219,8.69752124424226e-06,-4.01978185465351e-05,-1.1367088035319e-05,3.52411897058079e-05,-2.19832424557785e-05,0.00041100538359132,-0.0068664895910653
"kabwe","beta37",2.9399424811939e-06,-4.73163795406567e-05,0.000156512738671773,2.20217018524715e-05,2.37842508233481e-05,-5.83971531216366e-05,-0.000123893812659405,0.000131031820106499,-3.3233038495449e-05,7.08719291289486e-06,2.58427002000797e-05,3.40232112022631e-05,1.7676973685027e-06,-1.04530512963958e-05,2.03419025689074e-05,2.42947885739019e-06,-4.28665610852155e-05,1.5294598360725e-05,-1.20506518232854e-05,-3.58168330482167e-06,-0.000103497259568733,3.7436634705194e-05,1.55381253823876e-06,-8.15746405576869e-05,6.63018487896649e-05,6.39830776132582e-05,6.63445599148717e-05,0.000184523309474685,-0.000287180274613421,0.000169161461963629,0.000698941773062634,3.34727363934637e-05,-0.000130530439745922,2.21207519555663e-05,-9.89037075749017e-06,-3.47902142322632e-05,0.000110697181655726,-3.76730113211957e-05,-0.000878061721274546,0.0139136502650612
"kabwe","beta38",-1.72023992436724e-05,1.71202112611093e-05,-3.67330230398521e-05,-6.20718101233568e-06,5.06003163022767e-05,5.26870462228227e-05,-4.58680804934085e-06,-2.65096596314172e-05,1.20459927453094e-05,-3.75966905356249e-05,-1.68844898218713e-05,1.55871476206283e-05,9.7986087331244e-06,-7.55803950909992e-07,2.01635529581237e-06,-2.66079766899089e-05,1.52173507251839e-05,-6.32598960650858e-06,4.42624962349864e-06,1.49454798826406e-05,-3.23852974985111e-05,-8.80056184065125e-05,-1.48882701420061e-05,-5.92127077108138e-05,9.04853340570764e-05,1.09580979634083e-05,-2.91521173582931e-05,-5.54379995286219e-05,0.000218481501353303,-3.05954705013407e-05,3.34727363934637e-05,0.000590207118945121,5.47687863617038e-05,-9.69985121586406e-06,-1.74899485167278e-05,-1.90377409182788e-05,-2.57959115703632e-05,-1.76295674493936e-07,-0.000603218202338482,0.000471386876203268
"kabwe","beta4",-1.05366295522229e-05,-0.000239627870790445,-2.18263787398849e-05,0.000115574767175912,-2.87270250504262e-05,9.8107932984094e-05,-9.7362752998882e-06,-0.000201529765040367,0.000125972349520688,-0.000132617095338634,3.2270285420016e-05,-4.87898753803152e-06,-2.9376550055555e-05,-7.236091811204e-06,2.68395163238555e-05,3.88567292559686e-06,-2.47160708675949e-05,5.27089196637376e-06,1.25523763546141e-05,-8.33897178742298e-05,-3.43266505951136e-05,-0.000168988095278404,-0.000196753020305539,0.00016739512205071,-7.08134628578406e-05,0.000332989769414309,-0.000169022939007912,2.67939840157441e-05,0.000313106836462871,-0.000167758753950219,-0.000130530439745922,5.47687863617038e-05,0.000953093943487339,-0.000139991515843528,-0.000154575788318435,2.26500532390255e-05,2.53556786711149e-05,2.68730963645445e-05,-0.00183923847178627,0.0713245341134024
"kabwe","beta5",-8.20373895223129e-06,3.39767208864361e-05,4.46091786295957e-05,-1.95045206353256e-05,7.31272797520538e-06,-1.79377558638094e-05,-1.49981085404978e-05,-5.02946385681966e-05,4.17203727307358e-05,1.95235480833567e-05,1.36563248344593e-05,-9.76869719242615e-06,-9.56812809089567e-06,-9.0337093164404e-06,3.29906299662719e-06,-1.18965830987364e-05,2.35822182641884e-05,-3.29819137442567e-06,4.92555542946282e-06,-1.48898597239242e-05,8.0079208904867e-05,-2.67568561294005e-05,4.07855679822848e-05,-4.85077160555258e-05,3.69637060500261e-05,-5.9181560109613e-05,1.82276659799844e-06,-1.19067391358673e-05,-9.49347013248982e-06,8.69752124424226e-06,2.21207519555663e-05,-9.69985121586406e-06,-0.000139991515843528,0.000134754449859452,-1.49453859679298e-05,-5.12086184526263e-05,2.185766580999e-05,-2.84337992118194e-05,0.000838290705811449,-0.00174069450757877
"kabwe","beta6",-1.67282998325846e-05,1.47344496757355e-05,-0.0001262295277252,-4.05705761586252e-06,-3.68828590845588e-05,-2.80947612683036e-05,1.94738588050856e-05,-3.51453746524181e-05,3.22135712935664e-05,-7.30355179913051e-05,3.50332481356079e-05,-5.14474049956218e-05,-1.65983871643308e-05,-4.39422395558623e-05,3.39168564699969e-05,2.36547257380761e-05,2.97216013314716e-06,-1.0041813816131e-05,1.74667067192531e-05,-1.0633093457893e-05,-2.02295773622944e-05,-2.15348244821184e-05,-4.84939668194048e-05,0.000139749166217842,-0.000106824006617341,3.00737750802733e-05,-8.4160170599078e-05,5.49087713082956e-05,-9.79058124302242e-05,-4.01978185465351e-05,-9.89037075749017e-06,-1.74899485167278e-05,-0.000154575788318435,-1.49453859679298e-05,0.00053524093255208,3.89862436704431e-06,-6.08112459782366e-05,-2.17051798005038e-05,0.000206625355687761,0.00154577679451261
"kabwe","beta7",-1.81581689129372e-05,-6.17095581210597e-05,-7.68602570860831e-05,1.24964289446997e-05,3.04018297104461e-05,-2.69881740167567e-05,1.49938378967299e-05,-3.53420432476801e-05,1.85675369024303e-05,3.07286089190134e-05,-2.05723167870572e-05,2.37631681758973e-05,1.16668711663866e-05,-1.23794406294762e-05,-1.07428117990288e-06,1.50277125969079e-05,1.74993948347243e-05,-9.62664971012625e-06,-3.78465601479669e-06,2.7573287275138e-05,8.53805777322428e-06,6.68671389965646e-06,-1.94805051279579e-05,-1.69020314945063e-05,-7.37586763803857e-06,-2.6806461845907e-05,-4.8719831595692e-05,8.9473377622435e-05,-5.45332315708015e-05,-1.1367088035319e-05,-3.47902142322632e-05,-1.90377409182788e-05,2.26500532390255e-05,-5.12086184526263e-05,3.89862436704431e-06,0.000173355349841718,-2.63364315517678e-05,-5.73527238831907e-05,0.000176596005694731,-0.0135438827434418
"kabwe","beta8",2.06203268741073e-06,-6.60186874698093e-05,0.00013470342470436,3.80934326737284e-05,-3.9506055709937e-05,-5.53904716630699e-05,-3.97128062584312e-05,-1.21013207532005e-05,-2.59599482503634e-05,-5.37841659065642e-05,-2.48872791852749e-05,-1.14315112514765e-05,2.87044743124608e-05,-3.50223505360414e-05,2.7484061082229e-05,1.79781816012126e-05,-3.91437801785409e-05,3.27259139784178e-05,-2.59273888803361e-06,-4.08866318832832e-05,-2.99091185595133e-05,-1.77613995047492e-05,-1.06839089879348e-05,-1.23760771603204e-05,4.38738036434483e-05,0.000110141864759313,-2.25675874948015e-05,-2.04457532406293e-05,2.74604711475146e-05,3.52411897058079e-05,0.000110697181655726,-2.57959115703632e-05,2.53556786711149e-05,2.185766580999e-05,-6.08112459782366e-05,-2.63364315517678e-05,0.000232659239812997,-5.86731297080864e-05,-0.000423790997522327,0.0171639790535098
"kabwe","beta9",8.27893805812261e-06,5.7359368260742e-05,-5.780108754663e-05,-7.56396594243856e-05,3.84814084651722e-05,-1.0172937007632e-05,1.32053700429425e-05,4.26280466575438e-06,8.54190651774358e-06,5.26854425344279e-05,-1.29631059003084e-06,5.43422042181858e-06,-2.7906007943771e-06,4.90375409479466e-05,-6.79913178840911e-05,1.03369105999263e-05,5.37540595036105e-06,-1.25262690190369e-05,-4.7845587438468e-06,1.82187753906245e-05,5.73234541082592e-06,4.34916140749718e-05,-1.87824686114953e-05,9.85940280070097e-06,1.45808847324705e-05,-0.000106458435608109,5.39830427242909e-05,-7.95483934291525e-05,-1.10719701093526e-05,-2.19832424557785e-05,-3.76730113211957e-05,-1.76295674493936e-07,2.68730963645445e-05,-2.84337992118194e-05,-2.17051798005038e-05,-5.73527238831907e-05,-5.86731297080864e-05,0.000143837166970319,-0.000712919489743805,-0.000153270439439079
"kabwe","p_G_D",-0.000264873181357971,0.000400867853053027,-0.00022850533060502,0.000130470167824409,-0.00137303321591325,-0.000129062387422813,0.00070838592569879,-0.00056923661488854,-0.000142736094342262,0.00128805839901074,9.76707819035451e-06,-2.69838964450411e-06,-0.00036226936049661,9.77123288999863e-06,0.000353752082339867,0.00027170217125672,-0.000494641751095318,0.000221168848559439,0.000302420126850874,-0.000511022857187388,-0.000350944852144034,-0.000918407174831468,0.00112433189126507,0.00166083048729127,-0.00169276092286113,0.000679531984963014,0.000525329164952502,-0.000912097551733513,0.000664183153096047,0.00041100538359132,-0.000878061721274546,-0.000603218202338482,-0.00183923847178627,0.000838290705811449,0.000206625355687761,0.000176596005694731,-0.000423790997522327,-0.000712919489743805,0.0568077122133945,-0.274915744561807
"kabwe","start_date",0.0170302251829111,0.00800710084294257,0.014419173913077,0.00109091724249256,0.0263941583908012,0.0070690521367388,-0.0224692314450851,-0.0101004027029946,-0.00525351979205471,0.0185313965875466,-0.00937567987235874,0.0111467948275244,-0.00148795223630721,0.00856245234241287,0.0180526307878839,-0.0361823124607009,0.0127732088149302,-0.00421748736633838,0.00154510860510969,-0.00478808670383908,0.0068089557592446,0.00570198848697927,0.0333005550722899,0.015669201732472,-0.0550854437904036,0.051922501883145,0.00411565113009638,-0.00702066393708088,-0.0151863196620291,-0.0068664895910653,0.0139136502650612,0.000471386876203268,0.0713245341134024,-0.00174069450757877,0.00154577679451261,-0.0135438827434418,0.0171639790535098,-0.000153270439439079,-0.274915744561807,55.4666920066979
