"region","name","alpha_D","beta1","beta10","beta11","beta12","beta13","beta14","beta15","beta16","beta17","beta18","beta19","beta2","beta20","beta21","beta22","beta23","beta24","beta25","beta26","beta27","beta28","beta29","beta3","beta30","beta31","beta32","beta33","beta34","beta35","beta36","beta37","beta38","beta4","beta5","beta6","beta7","beta8","beta9","p_G_D","start_date"
"kabwe","alpha_D",0.000201203394093913,-7.8642044691439e-07,1.56028156678044e-06,1.1597205744787e-05,-9.31205184321825e-07,1.32644623962964e-05,-7.58080061808875e-06,-1.30483131333863e-05,-2.2917801964842e-06,1.67263822619479e-05,-1.2292984444643e-05,-7.00249958170093e-06,-3.23792127847089e-05,1.11638648010934e-05,-1.28900112681981e-05,-4.42761156282078e-06,5.99275889497174e-06,1.45155938636458e-05,-1.18224466692957e-05,-1.85347566805526e-06,2.45400921678569e-05,-2.83921367511231e-05,2.77463660721064e-05,-2.28398985584375e-05,-1.07144367121165e-05,2.59010891351602e-05,-2.0312633031097e-05,-6.5291843478469e-05,2.65416849190367e-05,0.000137496349198826,-0.000128172609718656,-3.69526351651498e-05,1.57003023933338e-05,2.66673671546454e-06,-1.24788551890754e-05,-2.59476090505899e-06,1.64691299703414e-05,-2.32826469030029e-05,3.43253884028628e-06,1.37113720643189e-06,-0.0142069001917304
"kabwe","beta1",-7.8642044691439e-07,0.000185319388197444,-3.79891104970768e-05,-2.27809338159305e-05,-4.71168456485463e-05,3.33363042465901e-05,7.97301743874151e-06,-1.05191227104983e-06,-1.61405928885482e-05,9.56200724189748e-06,3.22133869095883e-05,-1.17344490761387e-05,0.000552145923681629,1.24978981753532e-06,2.42210231231861e-05,-7.33376011927826e-05,2.52681579230975e-05,2.40425220118218e-05,1.04499765122277e-05,-4.01919108804949e-05,7.4926120783069e-05,4.71105234759886e-06,-1.00938460659341e-05,3.68398776130297e-06,-4.06495077735999e-06,-5.09550491227355e-05,4.76128933591739e-05,-2.25093229166055e-05,-0.000115311882042637,-0.000136892165193111,0.000121924501156439,2.6366985935199e-05,-6.56440008445941e-06,1.24846152104091e-06,-4.66185748461348e-05,-1.55922061754632e-05,8.99607550052539e-06,4.8982325676326e-06,6.0769901297147e-05,1.94995491852381e-05,0.0389392882795415
"kabwe","beta10",1.56028156678044e-06,-3.79891104970768e-05,0.000246015471256989,-6.8244568385844e-05,-4.00985486729725e-06,-7.05907288666769e-06,-1.54273566452487e-05,-2.20224854835564e-05,1.62024457824178e-05,2.70746503457844e-05,3.11676478910383e-05,-2.6241737867575e-05,-0.000136678917217357,-8.37753240828945e-06,-1.44199281833827e-05,2.49998674944184e-05,2.46793929224939e-05,-4.78730914196042e-05,2.79433578363213e-05,3.95191789903482e-05,-0.000131976038473681,1.46473160064057e-06,7.21931382130099e-05,-2.1748519281268e-05,-3.88533421251503e-05,-6.14362428350607e-05,-2.19861864953606e-05,5.4411082181958e-05,9.56354430370441e-05,-9.04770140560859e-06,6.28454410908762e-05,-7.42707737232313e-06,7.96679980455248e-06,-2.88277963944809e-05,5.11423432475133e-05,1.67914907492388e-06,3.5511687451339e-06,-6.77619437339023e-05,-0.000106225190978772,-1.69200666377475e-05,-0.0100541129014069
"kabwe","beta11",1.1597205744787e-05,-2.27809338159305e-05,-6.8244568385844e-05,0.000252468115062543,-4.25618182203803e-05,-5.03409991165416e-05,2.08853167282677e-05,-3.47501921868284e-05,4.81058480922089e-05,2.99981970615064e-05,-6.0262385747856e-05,-2.40831769682901e-05,-0.000160577812456509,2.13145857611145e-05,3.49311092684008e-07,-1.28578845404099e-05,-7.43400125509905e-07,2.56785644261745e-05,-8.49009984935345e-06,-2.23745212008369e-05,5.28025695972272e-05,6.15723351079008e-05,6.65388107624494e-06,1.36504887291009e-06,9.17092757032917e-06,-7.23882182418529e-05,-1.03514720823931e-05,-1.39223665591914e-05,4.54963626262882e-05,0.000108720772400747,-0.000147952165008556,6.6221410127464e-06,-8.25567081474193e-05,-1.38171520021474e-05,-5.29325052416224e-05,1.86194257631609e-05,1.22128713895627e-05,-4.91715193898356e-05,-4.87445946012972e-05,-1.48387004354728e-05,-0.0189838512292739
"kabwe","beta12",-9.31205184321825e-07,-4.71168456485463e-05,-4.00985486729725e-06,-4.25618182203803e-05,0.00026871887917842,-9.12429122271395e-05,-2.69488614818092e-05,-9.09907002510982e-06,-1.81532158629925e-06,1.70035771413329e-05,-7.76364935138866e-05,1.40538850452553e-05,-2.93794106787982e-05,-6.97096146759418e-06,3.25255094894669e-05,4.83550721761728e-05,-0.000125904471177294,9.4933335126355e-05,-3.63264152817533e-05,9.2051975756559e-06,5.0047960869306e-05,0.000115708421922736,-3.09672295584161e-05,4.57219227729361e-05,-2.5185131548948e-05,-6.45933027831358e-06,-7.80247292671135e-05,-5.51294236520604e-08,6.94710255813634e-05,0.000119178796211376,-6.85725033436479e-05,2.32497465527968e-05,3.99576125840265e-05,-2.84945383182175e-05,-2.96493399651201e-05,-2.00902897689701e-05,-6.90850554741066e-05,3.91924742646474e-05,-2.46183668112178e-05,-7.33651708914022e-06,-0.00362459785261664
"kabwe","beta13",1.32644623962964e-05,3.33363042465901e-05,-7.05907288666769e-06,-5.03409991165416e-05,-9.12429122271395e-05,0.000252032150688171,-5.76227218312964e-05,-4.09408087775779e-05,-3.93496924424541e-05,-2.29642991819278e-06,3.41914379314247e-05,-8.83306993026538e-06,-2.36384075359963e-05,1.02963205509351e-05,-3.12440221699565e-06,-2.7276638582069e-05,4.1099073872274e-05,-3.00458539466133e-05,2.40827307166346e-05,-1.0606050985831e-05,5.5367643744783e-05,-6.26737778795313e-05,-4.75692837037691e-05,-6.55284805115196e-05,-1.08919390298151e-05,6.20174841277593e-06,-1.01980959338566e-05,-4.62812619865489e-05,-1.58871890418182e-05,1.34724841046084e-05,-7.58981445710321e-05,2.63720661725344e-05,8.3330362766691e-05,5.34849291660843e-05,7.31157441471831e-05,-6.26022397798774e-05,-1.78097293936628e-05,5.10136921391507e-05,6.04516966342742e-07,-6.46796915639963e-06,-0.00101570621305559
"kabwe","beta14",-7.58080061808875e-06,7.97301743874151e-06,-1.54273566452487e-05,2.08853167282677e-05,-2.69488614818092e-05,-5.76227218312964e-05,0.000157614629971225,-7.64069853175949e-05,4.07780510830016e-07,-3.28138569446034e-05,1.261296430186e-05,2.74949929014074e-05,5.66832756666418e-05,-4.82526557069809e-06,-1.95314246482623e-05,2.3896083814989e-05,-1.55233724513156e-05,1.59365186728945e-05,5.99339313269601e-07,2.34051665699632e-05,-5.05635830311112e-06,-1.6600505006555e-06,-2.63754951999083e-05,3.22840922051132e-05,-1.23777748970923e-05,-3.41980258911506e-05,5.58732709677254e-05,-3.45109378989965e-05,-9.99258728350418e-06,6.91615648260444e-05,7.8729442930722e-06,-2.02088047525382e-05,2.91936941060234e-05,3.12274027832554e-05,-2.21656960223354e-05,-3.82156440930756e-05,4.29837773839434e-05,-3.00269303529741e-06,2.05307510661591e-06,-9.53052633443311e-06,0.0107477735937167
"kabwe","beta15",-1.30483131333863e-05,-1.05191227104983e-06,-2.20224854835564e-05,-3.47501921868284e-05,-9.09907002510982e-06,-4.09408087775779e-05,-7.64069853175949e-05,0.000240377208747854,-5.53615209864146e-05,-5.35965578044435e-05,-4.64110829030308e-05,1.75833627895244e-05,7.09004344971562e-05,1.38316209064135e-05,1.41599088982251e-05,-2.23796036275164e-05,-3.37427508001469e-05,3.29014156487335e-05,-5.13679887778617e-06,-1.85158936835698e-05,-8.4736112492472e-05,7.981168480938e-07,4.9992671407653e-05,7.29820481654876e-05,2.93715401816842e-05,9.41125972485283e-05,-4.13465885533409e-06,8.43599405430342e-05,-5.43570043631419e-05,-0.000142333855343469,0.000107121309722346,1.97849057876958e-05,-0.000123674127573797,-3.23065808446818e-05,-2.71668223708609e-05,5.35133001216125e-05,-7.5381196731864e-05,-1.15790672070855e-05,9.16786890629721e-05,3.13825785724994e-05,0.00363357712202802
"kabwe","beta16",-2.2917801964842e-06,-1.61405928885482e-05,1.62024457824178e-05,4.81058480922089e-05,-1.81532158629925e-06,-3.93496924424541e-05,4.07780510830016e-07,-5.53615209864146e-05,0.000152172654283945,-5.86848984783243e-05,-3.8042708561123e-05,-1.4451130094129e-05,-2.33694953151898e-05,-4.01917450746357e-06,8.20027945322684e-06,2.52524282563032e-05,-1.78206217872229e-05,-3.21820406588717e-06,4.82947580079431e-06,-2.36637518737226e-06,-4.27405411006655e-05,5.95024834355815e-05,5.71795036734342e-05,4.50283293821447e-05,1.01335138469314e-05,-5.95606227846058e-05,-8.76669723228838e-06,-8.31385497379453e-06,5.77076247706924e-05,-6.03904113333327e-05,0.000138096094760509,1.18742218772635e-05,-2.84027778877956e-05,-5.72008446620756e-05,-2.9620599431614e-06,4.38235517954149e-05,-1.46176772291144e-05,-5.06088173121839e-05,-1.62237400425424e-05,1.02476611113965e-05,-0.00404430430685966
"kabwe","beta17",1.67263822619479e-05,9.56200724189748e-06,2.70746503457844e-05,2.99981970615064e-05,1.70035771413329e-05,-2.29642991819278e-06,-3.28138569446034e-05,-5.35965578044435e-05,-5.86848984783243e-05,0.000290731757867688,-0.000134809824527674,-2.0820117729361e-05,-0.000123021185397589,1.11431129393622e-06,2.46320546606144e-05,-2.46367905861746e-05,7.24993526892984e-06,2.80257783901015e-05,-9.86690599736883e-07,-1.177605533375e-05,-2.48689307644401e-06,6.94827464504199e-05,3.14578820642385e-05,-5.0660092421102e-05,-3.63928355700465e-07,-8.23317665665302e-05,-1.01697791161683e-05,-1.78343143696955e-05,3.8975217279642e-05,3.69713761390426e-05,-8.73536112406915e-05,-1.23004739059824e-05,1.51862406494777e-05,-1.24092320139201e-05,3.73930145422034e-05,2.61290208112814e-05,-3.09818259054143e-05,-4.48582589799259e-05,-3.99727679738099e-05,-1.53611042684242e-05,-0.0169335077819072
"kabwe","beta18",-1.2292984444643e-05,3.22133869095883e-05,3.11676478910383e-05,-6.0262385747856e-05,-7.76364935138866e-05,3.41914379314247e-05,1.261296430186e-05,-4.64110829030308e-05,-3.8042708561123e-05,-0.000134809824527674,0.000476250874670938,-0.000150310778094933,0.000198537760867589,2.3241572408695e-05,-7.72069763969315e-05,-4.03750246969391e-06,0.000153076087766615,-0.000156774788366442,1.94950733942489e-05,6.50755764868769e-06,0.000111865162924397,-0.000269804605607524,1.15130439331105e-05,-0.000130339445469406,-3.10650274385975e-05,6.5584336957099e-06,3.71173421855633e-05,5.62509891632586e-05,-9.16678238705828e-05,0.000106737267311958,-0.000194393981614778,-3.85839370673811e-05,7.65652385622422e-05,8.3103437218413e-05,1.4872461575496e-05,-2.04350409270049e-05,9.89131586009593e-05,2.67213223150328e-05,-2.08732605282069e-05,-3.61865196059913e-05,0.0152210183521741
"kabwe","beta19",-7.00249958170093e-06,-1.17344490761387e-05,-2.6241737867575e-05,-2.40831769682901e-05,1.40538850452553e-05,-8.83306993026538e-06,2.74949929014074e-05,1.75833627895244e-05,-1.4451130094129e-05,-2.0820117729361e-05,-0.000150310778094933,0.000281826903039254,8.71093554581724e-06,-0.000129419965651617,-3.63223237035647e-05,5.32042133573929e-05,3.27181604411809e-05,-8.676943065415e-05,1.99887220393172e-06,2.54645242820519e-05,-5.46071173501403e-05,-1.03889380368622e-05,-5.93859599890777e-05,3.38641458314877e-05,2.99829369897383e-05,0.0001398814762016,-2.85250960423473e-05,-4.31925280750485e-05,2.83190236342345e-05,6.53807695518879e-05,-5.96534947442619e-05,-9.00589114888201e-06,2.8335571526357e-05,-9.25276782233901e-05,-2.18421170813489e-05,-1.75702226075262e-05,6.02829204155436e-05,5.21891984377239e-05,6.0690547440042e-06,1.73560077416561e-06,0.0140426521338699
"kabwe","beta2",-3.23792127847089e-05,0.000552145923681629,-0.000136678917217357,-0.000160577812456509,-2.93794106787982e-05,-2.36384075359963e-05,5.66832756666418e-05,7.09004344971562e-05,-2.33694953151898e-05,-0.000123021185397589,0.000198537760867589,8.71093554581724e-06,0.00543040235343525,-3.81407346142741e-05,2.53297090152093e-05,-0.000248554493724197,0.000247197018344161,-0.000153309071755755,6.23347353717721e-05,-5.80602082368956e-05,0.000523842581177527,-9.36824113150934e-05,-0.000193237835347949,0.000374601595785926,-0.000212586205355936,-0.000649704426633423,0.000447687804881764,3.75891039048496e-05,-0.000382348116668458,0.000138046591504701,-0.00030787521121456,-0.000114163766493383,-4.23003256037808e-05,-0.000232582630815611,-0.000330953833573993,-0.000349933921936199,0.000130474869926084,7.21641847277427e-05,0.000267568642844587,4.54954841681078e-05,0.428738348555931
"kabwe","beta20",1.11638648010934e-05,1.24978981753532e-06,-8.37753240828945e-06,2.13145857611145e-05,-6.97096146759418e-06,1.02963205509351e-05,-4.82526557069809e-06,1.38316209064135e-05,-4.01917450746357e-06,1.11431129393622e-06,2.3241572408695e-05,-0.000129419965651617,-3.81407346142741e-05,0.000126024411960574,-2.88809692780734e-05,-2.42401960825826e-05,-5.05115820026287e-05,7.81929855809104e-05,-5.72372671983778e-06,-1.4185390650619e-05,1.07441769667534e-05,2.92281800285504e-05,1.44611073484573e-05,-2.18000668842696e-06,-1.24384988345915e-05,-2.53335314170407e-05,-3.75446398924115e-06,1.66776150201959e-05,-1.56160180237234e-05,-4.13392230032304e-05,3.75859106090406e-05,1.21404970878283e-05,-3.42281539606062e-05,4.18397615086067e-05,6.18821792091395e-06,-1.19818793440328e-05,-3.33907931145512e-05,-1.73964398695147e-05,1.08613417931499e-05,4.59934751043317e-06,-0.0117073795595737
"kabwe","beta21",-1.28900112681981e-05,2.42210231231861e-05,-1.44199281833827e-05,3.49311092684008e-07,3.25255094894669e-05,-3.12440221699565e-06,-1.95314246482623e-05,1.41599088982251e-05,8.20027945322684e-06,2.46320546606144e-05,-7.72069763969315e-05,-3.63223237035647e-05,2.53297090152093e-05,-2.88809692780734e-05,0.000235522637288556,-0.000198961793979877,-2.37701814505255e-05,0.000121415560638882,-7.14680720087959e-06,-1.78192428436119e-05,-1.1184249340506e-05,0.000110550749990302,2.64320285118403e-06,4.47926720468324e-05,-2.49044689238115e-05,9.42229623130144e-06,1.89520069889632e-05,-3.90057247555397e-05,-4.98758736949375e-06,-0.000129932188734126,0.000163871609045715,1.87297437174916e-05,-3.72803437970994e-05,5.06931837483982e-05,-4.00208130069031e-05,1.5215726952417e-05,-3.4304975819894e-05,-9.65944570762289e-06,1.23235948796533e-05,2.5945875091306e-05,0.00161953006485114
"kabwe","beta22",-4.42761156282078e-06,-7.33376011927826e-05,2.49998674944184e-05,-1.28578845404099e-05,4.83550721761728e-05,-2.7276638582069e-05,2.3896083814989e-05,-2.23796036275164e-05,2.52524282563032e-05,-2.46367905861746e-05,-4.03750246969391e-06,5.32042133573929e-05,-0.000248554493724197,-2.42401960825826e-05,-0.000198961793979877,0.000353054014987354,-0.00017313629853049,-3.15283976814454e-05,-2.89936044533184e-06,2.74140602183751e-05,-3.16980795574009e-05,-1.58724721040839e-05,-5.87837208759598e-06,3.01803543186976e-05,4.3591423508391e-05,-4.08790892831416e-05,-2.29745220442343e-05,3.56209904813433e-05,5.08195805169654e-05,0.000125999369704768,-3.70723732184431e-05,1.33047457902741e-05,3.58380193972088e-05,-6.58403066523187e-05,6.03471409900429e-05,9.5808186357033e-06,-4.63827058719555e-05,-5.05290230383397e-06,-6.09597493785248e-06,-1.66837660276211e-05,-0.0125707126197302
"kabwe","beta23",5.99275889497174e-06,2.52681579230975e-05,2.46793929224939e-05,-7.43400125509905e-07,-0.000125904471177294,4.1099073872274e-05,-1.55233724513156e-05,-3.37427508001469e-05,-1.78206217872229e-05,7.24993526892984e-06,0.000153076087766615,3.27181604411809e-05,0.000247197018344161,-5.05115820026287e-05,-2.37701814505255e-05,-0.00017313629853049,0.000512786570096264,-0.000464476519135707,7.50591172052562e-05,1.89786353984675e-05,3.95529951211108e-05,-0.000160375087398891,9.96010829965822e-06,-0.000123512536508342,2.80612995784492e-05,-2.55426415196934e-05,1.63759797048304e-05,2.06082256898601e-05,1.92179343105373e-05,6.17487609357987e-05,-0.000228862923369203,-7.51080897583336e-05,8.26943768827683e-05,1.59174443616814e-05,-2.86015580107143e-05,-1.29169674943413e-06,0.00015607411020083,1.48732739777645e-06,-1.66694204082941e-05,-1.47691245622352e-05,0.0178441616566138
"kabwe","beta24",1.45155938636458e-05,2.40425220118218e-05,-4.78730914196042e-05,2.56785644261745e-05,9.4933335126355e-05,-3.00458539466133e-05,1.59365186728945e-05,3.29014156487335e-05,-3.21820406588717e-06,2.80257783901015e-05,-0.000156774788366442,-8.676943065415e-05,-0.000153309071755755,7.81929855809104e-05,0.000121415560638882,-3.15283976814454e-05,-0.000464476519135707,0.000681626870570346,-0.000144613324733431,-4.13122648749789e-05,3.65538423924923e-05,0.000214706012607194,3.34518383841195e-06,8.66593817519504e-05,-0.00010251979000504,3.830262529869e-05,3.16242023160814e-05,-4.06501393176572e-05,-0.000102293819890215,-0.00011580663961347,0.000263461497771745,8.87719839221009e-05,-0.00012702609066258,1.58268985064785e-05,2.12797351982157e-05,7.09569869698489e-06,-0.000123033185344039,2.72072019501105e-05,-3.10096038577659e-05,7.07304349305782e-06,-0.0135302116861259
"kabwe","beta25",-1.18224466692957e-05,1.04499765122277e-05,2.79433578363213e-05,-8.49009984935345e-06,-3.63264152817533e-05,2.40827307166346e-05,5.99339313269601e-07,-5.13679887778617e-06,4.82947580079431e-06,-9.86690599736883e-07,1.94950733942489e-05,1.99887220393172e-06,6.23347353717721e-05,-5.72372671983778e-06,-7.14680720087959e-06,-2.89936044533184e-06,7.50591172052562e-05,-0.000144613324733431,0.000112188595758763,-2.04060064051298e-05,-8.16473280358747e-05,-3.88736604777461e-05,3.39479424758083e-05,-1.83172283760289e-05,4.15978392581315e-05,-4.73791088837596e-05,-1.99325912894658e-06,-1.22717748282737e-05,7.62184505564887e-05,2.85272445147697e-05,-5.57713691178267e-05,-4.02754715627995e-06,2.73178930358546e-05,1.21024436710238e-06,2.04768826113226e-05,-1.48050590172464e-05,-1.26005291767488e-05,-5.0909508139307e-05,3.97281356430342e-05,1.5514591407635e-06,-0.00170507514978354
"kabwe","beta26",-1.85347566805526e-06,-4.01919108804949e-05,3.95191789903482e-05,-2.23745212008369e-05,9.2051975756559e-06,-1.0606050985831e-05,2.34051665699632e-05,-1.85158936835698e-05,-2.36637518737226e-06,-1.177605533375e-05,6.50755764868769e-06,2.54645242820519e-05,-5.80602082368956e-05,-1.4185390650619e-05,-1.78192428436119e-05,2.74140602183751e-05,1.89786353984675e-05,-4.13122648749789e-05,-2.04060064051298e-05,0.000143062204251643,-9.87639005374727e-05,-7.23157150371675e-05,-6.22274050871072e-06,-1.47487485490976e-05,-1.808111820803e-05,1.33140410898514e-05,9.33667582244581e-06,-2.68669436581234e-05,4.88560844663723e-05,6.46058504950223e-05,-2.95463694809187e-05,-2.97382708105922e-05,2.81453832100702e-05,-2.37556452883483e-05,4.29707141761374e-05,1.27377726001903e-05,9.53572475317515e-06,-3.19046967129084e-05,-2.04347272445773e-05,4.38920968510282e-07,-0.0036245732150926
"kabwe","beta27",2.45400921678569e-05,7.4926120783069e-05,-0.000131976038473681,5.28025695972272e-05,5.0047960869306e-05,5.5367643744783e-05,-5.05635830311112e-06,-8.4736112492472e-05,-4.27405411006655e-05,-2.48689307644401e-06,0.000111865162924397,-5.46071173501403e-05,0.000523842581177527,1.07441769667534e-05,-1.1184249340506e-05,-3.16980795574009e-05,3.95529951211108e-05,3.65538423924923e-05,-8.16473280358747e-05,-9.87639005374727e-05,0.000912941308620268,-0.000440161456897267,-0.00016341853262119,-5.56583677017391e-05,-9.48295260002894e-05,-2.97254741006405e-05,3.25062569900517e-05,-0.000179838372061506,-1.06308076670721e-05,0.000170410176226029,-0.000280045872967051,-2.60051664011316e-05,5.45986713679166e-05,0.000122324095927082,-2.3408909220916e-05,-1.51628473031356e-05,7.2504168050554e-05,8.65895018568239e-05,-9.16634955627786e-05,-1.09750339620706e-05,0.0534026070937602
"kabwe","beta28",-2.83921367511231e-05,4.71105234759886e-06,1.46473160064057e-06,6.15723351079008e-05,0.000115708421922736,-6.26737778795313e-05,-1.6600505006555e-06,7.981168480938e-07,5.95024834355815e-05,6.94827464504199e-05,-0.000269804605607524,-1.03889380368622e-05,-9.36824113150934e-05,2.92281800285504e-05,0.000110550749990302,-1.58724721040839e-05,-0.000160375087398891,0.000214706012607194,-3.88736604777461e-05,-7.23157150371675e-05,-0.000440161456897267,0.00120483867674157,-0.000331210458937071,0.000191714715166359,0.000112297850994912,-0.000163614002448689,3.53758732525367e-06,0.000151409656631125,-0.000123314582430773,-0.000266813468474833,0.000545707077349652,0.000126942133153208,-0.000103704519055228,-5.87684848070035e-05,-0.00010857484535659,-8.84141912217391e-05,-8.76159328528599e-05,6.90622222472664e-05,1.86046379786404e-05,4.27799820851703e-05,0.00828177274130855
"kabwe","beta29",2.77463660721064e-05,-1.00938460659341e-05,7.21931382130099e-05,6.65388107624494e-06,-3.09672295584161e-05,-4.75692837037691e-05,-2.63754951999083e-05,4.9992671407653e-05,5.71795036734342e-05,3.14578820642385e-05,1.15130439331105e-05,-5.93859599890777e-05,-0.000193237835347949,1.44611073484573e-05,2.64320285118403e-06,-5.87837208759598e-06,9.96010829965822e-06,3.34518383841195e-06,3.39479424758083e-05,-6.22274050871072e-06,-0.00016341853262119,-0.000331210458937071,0.000899702024776638,3.11858854020837e-06,-0.000324488314468191,-0.000142803308310544,1.74022326330755e-05,1.03207246732434e-05,6.36852883961602e-05,-2.89287761715666e-05,8.65911847109614e-05,2.26475943183855e-05,-5.55339575152517e-05,1.70575024529996e-06,-3.9558766421092e-06,4.97431529183857e-05,-4.58277123826971e-05,-0.000166517802656195,6.59207681562219e-05,-1.28598842164982e-05,-0.0311852011816172
"kabwe","beta3",-2.28398985584375e-05,3.68398776130297e-06,-2.1748519281268e-05,1.36504887291009e-06,4.57219227729361e-05,-6.55284805115196e-05,3.22840922051132e-05,7.29820481654876e-05,4.50283293821447e-05,-5.0660092421102e-05,-0.000130339445469406,3.38641458314877e-05,0.000374601595785926,-2.18000668842696e-06,4.47926720468324e-05,3.01803543186976e-05,-0.000123512536508342,8.66593817519504e-05,-1.83172283760289e-05,-1.47487485490976e-05,-5.56583677017391e-05,0.000191714715166359,3.11858854020837e-06,0.000551053649360157,-1.79786151871988e-05,-0.000115947369003191,4.49341372739289e-05,8.02250208002071e-05,-1.3828948981426e-06,-0.000129736478081296,0.000411914108876418,3.02274453555241e-05,-7.38414674187377e-05,-0.000155392236074443,-6.97952209858805e-05,-3.09571243524601e-05,-8.17970003332923e-05,-3.58939698411103e-05,9.17679380957246e-05,5.92032575868244e-05,0.0808566860810653
"kabwe","beta30",-1.07144367121165e-05,-4.06495077735999e-06,-3.88533421251503e-05,9.17092757032917e-06,-2.5185131548948e-05,-1.08919390298151e-05,-1.23777748970923e-05,2.93715401816842e-05,1.01335138469314e-05,-3.63928355700465e-07,-3.10650274385975e-05,2.99829369897383e-05,-0.000212586205355936,-1.24384988345915e-05,-2.49044689238115e-05,4.3591423508391e-05,2.80612995784492e-05,-0.00010251979000504,4.15978392581315e-05,-1.808111820803e-05,-9.48295260002894e-05,0.000112297850994912,-0.000324488314468191,-1.79786151871988e-05,0.000651523593456451,-0.000217338839870801,5.14088732160817e-07,9.64612833474136e-06,4.01506040883811e-06,3.3711462581658e-05,-2.58172753991417e-05,-1.11569915152495e-05,6.1396967085602e-06,-9.41410342785649e-06,-2.65397891105744e-05,8.89729646855474e-05,-6.01229264174988e-05,-2.62033954427763e-05,6.96781513178878e-05,2.57561544034093e-05,-0.0269099487641214
"kabwe","beta31",2.59010891351602e-05,-5.09550491227355e-05,-6.14362428350607e-05,-7.23882182418529e-05,-6.45933027831358e-06,6.20174841277593e-06,-3.41980258911506e-05,9.41125972485283e-05,-5.95606227846058e-05,-8.23317665665302e-05,6.5584336957099e-06,0.0001398814762016,-0.000649704426633423,-2.53335314170407e-05,9.42229623130144e-06,-4.08790892831416e-05,-2.55426415196934e-05,3.830262529869e-05,-4.73791088837596e-05,1.33140410898514e-05,-2.97254741006405e-05,-0.000163614002448689,-0.000142803308310544,-0.000115947369003191,-0.000217338839870801,0.00125025879259715,-0.000427739060433692,-0.000193070055037852,0.000132562829049152,-1.47170612630964e-06,-0.000148766045047031,-3.41467169749777e-05,1.8312502347673e-05,2.6710400071066e-06,-5.31133832238384e-05,0.000109747750176649,0.000108051398897255,0.000164170846419003,-8.81066196000041e-05,-2.19904753439961e-05,-0.0625926891372887
"kabwe","beta32",-2.0312633031097e-05,4.76128933591739e-05,-2.19861864953606e-05,-1.03514720823931e-05,-7.80247292671135e-05,-1.01980959338566e-05,5.58732709677254e-05,-4.13465885533409e-06,-8.76669723228838e-06,-1.01697791161683e-05,3.71173421855633e-05,-2.85250960423473e-05,0.000447687804881764,-3.75446398924115e-06,1.89520069889632e-05,-2.29745220442343e-05,1.63759797048304e-05,3.16242023160814e-05,-1.99325912894658e-06,9.33667582244581e-06,3.25062569900517e-05,3.53758732525367e-06,1.74022326330755e-05,4.49341372739289e-05,5.14088732160817e-07,-0.000427739060433692,0.000610196830919665,-0.000226730608258488,-9.26403222016296e-05,-9.73280148988998e-05,0.000188043365852633,-1.10056790849424e-05,-6.06207949331582e-05,5.49134242731186e-06,4.65102429994789e-05,-8.07932925647128e-05,3.25489021560793e-05,3.04896164508383e-05,3.22691075584189e-05,3.29489766996326e-05,0.0524338139397924
"kabwe","beta33",-6.5291843478469e-05,-2.25093229166055e-05,5.4411082181958e-05,-1.39223665591914e-05,-5.51294236520604e-08,-4.62812619865489e-05,-3.45109378989965e-05,8.43599405430342e-05,-8.31385497379453e-06,-1.78343143696955e-05,5.62509891632586e-05,-4.31925280750485e-05,3.75891039048496e-05,1.66776150201959e-05,-3.90057247555397e-05,3.56209904813433e-05,2.06082256898601e-05,-4.06501393176572e-05,-1.22717748282737e-05,-2.68669436581234e-05,-0.000179838372061506,0.000151409656631125,1.03207246732434e-05,8.02250208002071e-05,9.64612833474136e-06,-0.000193070055037852,-0.000226730608258488,0.00102997891288392,-0.00066207484583057,-6.67454122646125e-05,0.00024483818752313,4.7387149345866e-05,-2.68208437587989e-05,-7.41503088433114e-05,-3.819327816662e-05,1.73586915545127e-05,-7.58123932331085e-05,4.89022652632354e-05,3.9314929268333e-05,8.94596992263285e-06,0.0100681597740549
"kabwe","beta34",2.65416849190367e-05,-0.000115311882042637,9.56354430370441e-05,4.54963626262882e-05,6.94710255813634e-05,-1.58871890418182e-05,-9.99258728350418e-06,-5.43570043631419e-05,5.77076247706924e-05,3.8975217279642e-05,-9.16678238705828e-05,2.83190236342345e-05,-0.000382348116668458,-1.56160180237234e-05,-4.98758736949375e-06,5.08195805169654e-05,1.92179343105373e-05,-0.000102293819890215,7.62184505564887e-05,4.88560844663723e-05,-1.06308076670721e-05,-0.000123314582430773,6.36852883961602e-05,-1.3828948981426e-06,4.01506040883811e-06,0.000132562829049152,-9.26403222016296e-05,-0.00066207484583057,0.00135100685811589,-0.000424783982705925,0.000337803352377725,-4.10130219670892e-05,-2.30523277990943e-06,-3.32463457920486e-05,0.000106414370214925,4.35876834796555e-05,-3.38537274933334e-05,-0.000206499978087633,-3.56742224601079e-05,-4.08341168767566e-05,-0.0252015618835508
"kabwe","beta35",0.000137496349198826,-0.000136892165193111,-9.04770140560859e-06,0.000108720772400747,0.000119178796211376,1.34724841046084e-05,6.91615648260444e-05,-0.000142333855343469,-6.03904113333327e-05,3.69713761390426e-05,0.000106737267311958,6.53807695518879e-05,0.000138046591504701,-4.13392230032304e-05,-0.000129932188734126,0.000125999369704768,6.17487609357987e-05,-0.00011580663961347,2.85272445147697e-05,6.46058504950223e-05,0.000170410176226029,-0.000266813468474833,-2.89287761715666e-05,-0.000129736478081296,3.3711462581658e-05,-1.47170612630964e-06,-9.73280148988998e-05,-6.67454122646125e-05,-0.000424783982705925,0.0026627614765264,-0.00285985798300739,-3.99458551767023e-05,0.000372390397954651,-1.15788980065179e-05,-7.11107161604132e-05,-0.000125644160518859,4.7160908815314e-05,8.35842996443539e-05,-0.000117960341440717,-0.000232740516283756,-0.0430482290993993
"kabwe","beta36",-0.000128172609718656,0.000121924501156439,6.28454410908762e-05,-0.000147952165008556,-6.85725033436479e-05,-7.58981445710321e-05,7.8729442930722e-06,0.000107121309722346,0.000138096094760509,-8.73536112406915e-05,-0.000194393981614778,-5.96534947442619e-05,-0.00030787521121456,3.75859106090406e-05,0.000163871609045715,-3.70723732184431e-05,-0.000228862923369203,0.000263461497771745,-5.57713691178267e-05,-2.95463694809187e-05,-0.000280045872967051,0.000545707077349652,8.65911847109614e-05,0.000411914108876418,-2.58172753991417e-05,-0.000148766045047031,0.000188043365852633,0.00024483818752313,0.000337803352377725,-0.00285985798300739,0.00510968952567586,-5.34616107350485e-05,-0.000311869637814821,-9.0860453101545e-05,0.000128885046105094,0.000143106739721878,-0.00013211855617919,-0.000198132507325497,0.000186917784486781,0.000241195870222675,0.0815273059747899
"kabwe","beta37",-3.69526351651498e-05,2.6366985935199e-05,-7.42707737232313e-06,6.6221410127464e-06,2.32497465527968e-05,2.63720661725344e-05,-2.02088047525382e-05,1.97849057876958e-05,1.18742218772635e-05,-1.23004739059824e-05,-3.85839370673811e-05,-9.00589114888201e-06,-0.000114163766493383,1.21404970878283e-05,1.87297437174916e-05,1.33047457902741e-05,-7.51080897583336e-05,8.87719839221009e-05,-4.02754715627995e-06,-2.97382708105922e-05,-2.60051664011316e-05,0.000126942133153208,2.26475943183855e-05,3.02274453555241e-05,-1.11569915152495e-05,-3.41467169749777e-05,-1.10056790849424e-05,4.7387149345866e-05,-4.10130219670892e-05,-3.99458551767023e-05,-5.34616107350485e-05,0.000854048683373529,-6.28832086743054e-05,1.41435827071768e-05,-1.67764863536575e-05,1.59433121391089e-05,-3.88307796468727e-05,-2.64334046598751e-05,2.10437490941006e-05,1.63934912694714e-06,-0.00755217007380858
"kabwe","beta38",1.57003023933338e-05,-6.56440008445941e-06,7.96679980455248e-06,-8.25567081474193e-05,3.99576125840265e-05,8.3330362766691e-05,2.91936941060234e-05,-0.000123674127573797,-2.84027778877956e-05,1.51862406494777e-05,7.65652385622422e-05,2.8335571526357e-05,-4.23003256037808e-05,-3.42281539606062e-05,-3.72803437970994e-05,3.58380193972088e-05,8.26943768827683e-05,-0.00012702609066258,2.73178930358546e-05,2.81453832100702e-05,5.45986713679166e-05,-0.000103704519055228,-5.55339575152517e-05,-7.38414674187377e-05,6.1396967085602e-06,1.8312502347673e-05,-6.06207949331582e-05,-2.68208437587989e-05,-2.30523277990943e-06,0.000372390397954651,-0.000311869637814821,-6.28832086743054e-05,0.00104407841989704,1.59983758493255e-05,7.05056440189786e-05,-0.000118203868347743,1.88814381568848e-05,1.69407445894132e-05,6.36187736331148e-05,-5.4946495467933e-05,-0.00408916439870041
"kabwe","beta4",2.66673671546454e-06,1.24846152104091e-06,-2.88277963944809e-05,-1.38171520021474e-05,-2.84945383182175e-05,5.34849291660843e-05,3.12274027832554e-05,-3.23065808446818e-05,-5.72008446620756e-05,-1.24092320139201e-05,8.3103437218413e-05,-9.25276782233901e-05,-0.000232582630815611,4.18397615086067e-05,5.06931837483982e-05,-6.58403066523187e-05,1.59174443616814e-05,1.58268985064785e-05,1.21024436710238e-06,-2.37556452883483e-05,0.000122324095927082,-5.87684848070035e-05,1.70575024529996e-06,-0.000155392236074443,-9.41410342785649e-06,2.6710400071066e-06,5.49134242731186e-06,-7.41503088433114e-05,-3.32463457920486e-05,-1.15788980065179e-05,-9.0860453101545e-05,1.41435827071768e-05,1.59983758493255e-05,0.000414556897644344,-0.00011240873791642,-3.49298339930218e-05,6.17867542407201e-05,2.46005473976656e-05,-9.89897379425817e-06,-2.41119350160682e-05,-0.0036973937727363
"kabwe","beta5",-1.24788551890754e-05,-4.66185748461348e-05,5.11423432475133e-05,-5.29325052416224e-05,-2.96493399651201e-05,7.31157441471831e-05,-2.21656960223354e-05,-2.71668223708609e-05,-2.9620599431614e-06,3.73930145422034e-05,1.4872461575496e-05,-2.18421170813489e-05,-0.000330953833573993,6.18821792091395e-06,-4.00208130069031e-05,6.03471409900429e-05,-2.86015580107143e-05,2.12797351982157e-05,2.04768826113226e-05,4.29707141761374e-05,-2.3408909220916e-05,-0.00010857484535659,-3.9558766421092e-06,-6.97952209858805e-05,-2.65397891105744e-05,-5.31133832238384e-05,4.65102429994789e-05,-3.819327816662e-05,0.000106414370214925,-7.11107161604132e-05,0.000128885046105094,-1.67764863536575e-05,7.05056440189786e-05,-0.00011240873791642,0.000328928190467103,-5.93934953499885e-05,-6.97805183472181e-05,-3.52012198032237e-05,-2.01900270544828e-05,5.8478385343857e-06,-0.0258477790705195
"kabwe","beta6",-2.59476090505899e-06,-1.55922061754632e-05,1.67914907492388e-06,1.86194257631609e-05,-2.00902897689701e-05,-6.26022397798774e-05,-3.82156440930756e-05,5.35133001216125e-05,4.38235517954149e-05,2.61290208112814e-05,-2.04350409270049e-05,-1.75702226075262e-05,-0.000349933921936199,-1.19818793440328e-05,1.5215726952417e-05,9.5808186357033e-06,-1.29169674943413e-06,7.09569869698489e-06,-1.48050590172464e-05,1.27377726001903e-05,-1.51628473031356e-05,-8.84141912217391e-05,4.97431529183857e-05,-3.09571243524601e-05,8.89729646855474e-05,0.000109747750176649,-8.07932925647128e-05,1.73586915545127e-05,4.35876834796555e-05,-0.000125644160518859,0.000143106739721878,1.59433121391089e-05,-0.000118203868347743,-3.49298339930218e-05,-5.93934953499885e-05,0.000335395702113671,-0.00012804494414641,-8.06318221520302e-05,-2.28297300920625e-05,2.22029191634238e-05,-0.045728161938744
"kabwe","beta7",1.64691299703414e-05,8.99607550052539e-06,3.5511687451339e-06,1.22128713895627e-05,-6.90850554741066e-05,-1.78097293936628e-05,4.29837773839434e-05,-7.5381196731864e-05,-1.46176772291144e-05,-3.09818259054143e-05,9.89131586009593e-05,6.02829204155436e-05,0.000130474869926084,-3.33907931145512e-05,-3.4304975819894e-05,-4.63827058719555e-05,0.00015607411020083,-0.000123033185344039,-1.26005291767488e-05,9.53572475317515e-06,7.2504168050554e-05,-8.76159328528599e-05,-4.58277123826971e-05,-8.17970003332923e-05,-6.01229264174988e-05,0.000108051398897255,3.25489021560793e-05,-7.58123932331085e-05,-3.38537274933334e-05,4.7160908815314e-05,-0.00013211855617919,-3.88307796468727e-05,1.88814381568848e-05,6.17867542407201e-05,-6.97805183472181e-05,-0.00012804494414641,0.00042207423827554,-2.91656135707195e-05,-8.30008285388777e-05,-2.52915474897292e-05,0.0281298018173011
"kabwe","beta8",-2.32826469030029e-05,4.8982325676326e-06,-6.77619437339023e-05,-4.91715193898356e-05,3.91924742646474e-05,5.10136921391507e-05,-3.00269303529741e-06,-1.15790672070855e-05,-5.06088173121839e-05,-4.48582589799259e-05,2.67213223150328e-05,5.21891984377239e-05,7.21641847277427e-05,-1.73964398695147e-05,-9.65944570762289e-06,-5.05290230383397e-06,1.48732739777645e-06,2.72072019501105e-05,-5.0909508139307e-05,-3.19046967129084e-05,8.65895018568239e-05,6.90622222472664e-05,-0.000166517802656195,-3.58939698411103e-05,-2.62033954427763e-05,0.000164170846419003,3.04896164508383e-05,4.89022652632354e-05,-0.000206499978087633,8.35842996443539e-05,-0.000198132507325497,-2.64334046598751e-05,1.69407445894132e-05,2.46005473976656e-05,-3.52012198032237e-05,-8.06318221520302e-05,-2.91656135707195e-05,0.000369031438385546,-0.000114338220913896,4.90279843132596e-06,0.0172683938346027
"kabwe","beta9",3.43253884028628e-06,6.0769901297147e-05,-0.000106225190978772,-4.87445946012972e-05,-2.46183668112178e-05,6.04516966342742e-07,2.05307510661591e-06,9.16786890629721e-05,-1.62237400425424e-05,-3.99727679738099e-05,-2.08732605282069e-05,6.0690547440042e-06,0.000267568642844587,1.08613417931499e-05,1.23235948796533e-05,-6.09597493785248e-06,-1.66694204082941e-05,-3.10096038577659e-05,3.97281356430342e-05,-2.04347272445773e-05,-9.16634955627786e-05,1.86046379786404e-05,6.59207681562219e-05,9.17679380957246e-05,6.96781513178878e-05,-8.81066196000041e-05,3.22691075584189e-05,3.9314929268333e-05,-3.56742224601079e-05,-0.000117960341440717,0.000186917784486781,2.10437490941006e-05,6.36187736331148e-05,-9.89897379425817e-06,-2.01900270544828e-05,-2.28297300920625e-05,-8.30008285388777e-05,-0.000114338220913896,0.000309232349041283,2.10040425052811e-05,0.0197981124632227
"kabwe","p_G_D",1.37113720643189e-06,1.94995491852381e-05,-1.69200666377475e-05,-1.48387004354728e-05,-7.33651708914022e-06,-6.46796915639963e-06,-9.53052633443311e-06,3.13825785724994e-05,1.02476611113965e-05,-1.53611042684242e-05,-3.61865196059913e-05,1.73560077416561e-06,4.54954841681078e-05,4.59934751043317e-06,2.5945875091306e-05,-1.66837660276211e-05,-1.47691245622352e-05,7.07304349305782e-06,1.5514591407635e-06,4.38920968510282e-07,-1.09750339620706e-05,4.27799820851703e-05,-1.28598842164982e-05,5.92032575868244e-05,2.57561544034093e-05,-2.19904753439961e-05,3.29489766996326e-05,8.94596992263285e-06,-4.08341168767566e-05,-0.000232740516283756,0.000241195870222675,1.63934912694714e-06,-5.4946495467933e-05,-2.41119350160682e-05,5.8478385343857e-06,2.22029191634238e-05,-2.52915474897292e-05,4.90279843132596e-06,2.10040425052811e-05,0.000243546005980772,0.00893824377412385
"kabwe","start_date",-0.0142069001917304,0.0389392882795415,-0.0100541129014069,-0.0189838512292739,-0.00362459785261664,-0.00101570621305559,0.0107477735937167,0.00363357712202802,-0.00404430430685966,-0.0169335077819072,0.0152210183521741,0.0140426521338699,0.428738348555931,-0.0117073795595737,0.00161953006485114,-0.0125707126197302,0.0178441616566138,-0.0135302116861259,-0.00170507514978354,-0.0036245732150926,0.0534026070937602,0.00828177274130855,-0.0311852011816172,0.0808566860810653,-0.0269099487641214,-0.0625926891372887,0.0524338139397924,0.0100681597740549,-0.0252015618835508,-0.0430482290993993,0.0815273059747899,-0.00755217007380858,-0.00408916439870041,-0.0036973937727363,-0.0258477790705195,-0.045728161938744,0.0281298018173011,0.0172683938346027,0.0197981124632227,0.00893824377412385,61.0727347256272
