"region","name","alpha_D","beta1","beta10","beta11","beta12","beta13","beta14","beta15","beta16","beta17","beta18","beta19","beta2","beta20","beta21","beta22","beta23","beta24","beta25","beta26","beta27","beta28","beta29","beta3","beta30","beta31","beta32","beta33","beta34","beta35","beta36","beta37","beta38","beta39","beta4","beta40","beta41","beta42","beta43","beta44","beta45","beta46","beta47","beta48","beta5","beta6","beta7","beta8","beta9","p_G_D","start_date"
"kabwe","alpha_D",0.00102387816374145,-8.34290718323518e-06,-1.73609741720916e-05,4.48039395659951e-05,1.38750436306487e-05,-5.07589937174401e-05,-7.28909769436907e-05,1.83120711617633e-05,6.3464138675749e-05,-3.44168016690079e-05,4.53401450823817e-05,-4.60988699264514e-05,0.000648392757004081,2.81790000932331e-05,-3.33206381692901e-05,9.61390030960802e-05,7.69805490465204e-05,-8.4129835366842e-05,0.000160388755317831,-0.000127059809112855,0.000274611274699726,-0.000269172211642651,-0.000275016361752047,3.32667300916738e-05,0.00122850115176054,-2.8288840416224e-05,-0.000105799461413492,0.000353295324349093,3.10924391234274e-05,7.88876467578306e-05,0.000120745693057444,3.82881601138825e-06,0.000133279454845542,-0.000132205963512933,2.19848166356516e-05,-0.00029835695871221,-0.000375516332021285,-0.000524573313139607,-0.000662325447648343,-0.000737887740497552,-3.02282746571889e-05,1.2009952834155e-05,-1.74829683694584e-05,5.51722258661008e-05,-1.27362313914027e-08,-2.04974439417064e-06,-1.91986600424038e-05,4.45936163614485e-05,-1.6434241059567e-05,-0.000217456621899005,0.0190318617780416
"kabwe","beta1",-8.34290718323518e-06,0.000166209180987579,7.41675272757918e-06,-6.58498430029566e-06,2.40354258297634e-06,-2.05608566705498e-05,-5.70419601310835e-06,5.3856191459401e-05,-3.36988047716502e-05,3.87846638342875e-05,-4.4799986236284e-05,3.73321060768821e-06,0.000588273868355135,1.23567349122197e-05,-1.41113742825177e-05,1.0009564692678e-05,-1.63062576042223e-05,1.53284372530411e-05,-1.61121477065507e-05,-1.47951503966925e-05,1.59281263319788e-05,-3.64429391751409e-05,0.000100715219320177,0.000133879838343238,-0.000156930695041541,-1.58156749955967e-05,-8.39042521732524e-06,-1.84048808843741e-05,-5.93868355485272e-05,2.22156082849638e-05,-3.3000887894603e-06,-5.29701731952399e-05,1.0660870493924e-05,-7.59277601925648e-05,-4.46309352926579e-05,1.60611383711576e-05,-1.49168354452655e-05,-4.33128548588651e-05,-6.59561288986471e-05,4.71853143874932e-05,-8.32472086615682e-07,-1.27351898588082e-06,-2.60164322541848e-05,-1.28894492959281e-05,-2.62716060108014e-05,1.25929782015362e-05,-1.55621730204087e-06,-3.73828974798227e-06,2.70657145782849e-06,-1.14635487032093e-05,0.0851771048081679
"kabwe","beta10",-1.73609741720916e-05,7.41675272757918e-06,0.000219881884107287,-0.000128920267740916,2.83779085411569e-05,-4.62751713808906e-06,1.45852064365177e-05,-3.12405167839417e-05,-1.25374366839457e-06,2.40162785256346e-05,-1.26919039966094e-05,3.0770846984383e-05,6.77766185926622e-05,-2.58815347340783e-05,1.13327565702467e-05,-2.62241540709634e-06,-1.41188011164264e-05,2.17809271011044e-05,-1.36470673897683e-05,7.00758579652958e-06,-1.99707508103688e-06,-2.72289001030433e-05,-3.96766438481109e-06,2.34301309048975e-05,0.000103787061192905,-0.00010878133938836,1.28059731506739e-06,4.04176862646213e-05,-4.90986669824586e-05,2.29567255664388e-05,3.80478368107853e-06,-1.81166406770774e-05,1.41123150749929e-05,-2.68885307266808e-06,-2.23927728710612e-06,5.83936574941153e-05,4.6706960326985e-06,2.06575260907346e-05,-9.14200119098746e-06,-7.56403815445824e-05,-1.78024073890873e-05,-2.03405169909345e-06,-2.82883813166215e-06,-6.74886113063685e-06,-1.70822296297162e-05,8.20678344588001e-06,6.13777648354384e-06,8.94756443761963e-06,-0.000105352780026232,-1.04804164624279e-05,0.00291381648711562
"kabwe","beta11",4.48039395659951e-05,-6.58498430029566e-06,-0.000128920267740916,0.000193945924005094,-9.75092418812561e-05,6.89114715634504e-06,-9.61856731531383e-06,1.45858982692592e-05,1.22938409571513e-05,-6.08837985951459e-06,-6.30409581705789e-06,-1.40859142528107e-05,-2.24501360600931e-05,1.84549840199937e-05,-6.49854680334307e-06,2.48466194968002e-06,2.22113418997771e-05,-3.24738308470187e-05,3.33547664113244e-05,-2.17550281810348e-05,1.99844478184192e-05,2.17858992489986e-05,6.41875119388039e-06,-4.49343351435341e-05,-6.78102269074148e-05,5.12579195840459e-05,5.54624240407288e-06,-2.81757581984712e-06,3.09761902080216e-05,-1.32847728193212e-05,8.40545310168708e-06,-8.15967791294075e-06,1.53152414623983e-05,9.61563314878535e-06,-5.47032853428739e-06,-4.34008148576829e-05,-1.63659457063779e-06,-2.99863832088083e-05,1.52453500065423e-05,2.97417462448531e-05,5.98380391000002e-06,-4.15670384612661e-05,-2.19365950041097e-05,3.38502642360166e-06,9.34916547970778e-06,-9.49666045822563e-06,-1.11289676676179e-06,4.30906871229904e-06,1.63000964461526e-05,6.97522616065335e-05,-0.0148931551664198
"kabwe","beta12",1.38750436306487e-05,2.40354258297634e-06,2.83779085411569e-05,-9.75092418812561e-05,0.000165092956544972,-0.000102797379038071,-4.26849378712541e-06,1.14472475294669e-06,-2.84633191908336e-06,-8.55681440022036e-06,3.62593466567981e-05,-9.04468571673241e-06,-1.0027680551182e-05,-3.78366370590499e-06,3.34395262591872e-06,-1.2280889920661e-06,-1.28015275211804e-05,2.33415197208122e-05,-1.17752139989892e-05,1.02358764821774e-05,-2.06746449845664e-05,-6.04594353787737e-06,9.4009863805391e-06,9.13156060235931e-06,2.27525882330919e-05,9.81768329326734e-06,-1.21913756409032e-05,1.17396735865412e-05,-5.40577180122165e-06,1.5597567809852e-05,-1.38109071394134e-05,2.45913387828277e-05,-1.7896294790026e-05,2.66474711232686e-05,1.12078453396487e-05,1.84942652575846e-06,2.02525026934713e-05,2.44296683058924e-05,-2.55182359415682e-06,1.3266664430849e-05,4.1477895576399e-05,7.10841331362202e-05,3.19293749274154e-05,3.56555709593066e-05,1.90496825056899e-06,1.20029233101538e-05,-1.07098378896896e-05,-8.3437619869757e-07,-8.0192923583608e-07,-6.34422760162171e-05,0.00802198470254078
"kabwe","beta13",-5.07589937174401e-05,-2.05608566705498e-05,-4.62751713808906e-06,6.89114715634504e-06,-0.000102797379038071,0.000218749031806335,-0.000109659266263229,-1.2710882835174e-05,1.65634300752619e-06,2.05286705597806e-05,-3.96483713337476e-05,2.64253109635076e-05,-0.000186442535374385,-1.76295070247613e-05,1.7808681158231e-05,-9.02346279036781e-06,3.15697226814055e-06,2.98144512450175e-06,-2.48276533776885e-05,2.26204608620663e-05,-2.88160796941769e-05,5.1409376454292e-05,-3.34868210355608e-05,-3.83560396570758e-05,-3.54688666749904e-05,-1.09602067745263e-05,3.91459020996826e-05,-4.8312005529071e-05,2.89038845286037e-05,-2.13500724427206e-05,1.69936465658862e-05,4.74836874073029e-06,-2.2361235534212e-05,-1.2136644631766e-05,1.40861171036053e-05,-2.95816137237914e-05,-1.88601658119154e-05,4.19971695448093e-05,8.06737554774421e-05,6.71806284382785e-05,-1.14723686989951e-05,-3.25331651874141e-05,-9.04248959754016e-06,-3.18972563492045e-05,4.06993353507108e-06,-1.46607138580631e-05,1.25670189878461e-05,-4.49849097819286e-06,4.31586466547525e-06,5.06364124181532e-05,-0.0114569262933223
"kabwe","beta14",-7.28909769436907e-05,-5.70419601310835e-06,1.45852064365177e-05,-9.61856731531383e-06,-4.26849378712541e-06,-0.000109659266263229,0.000251023067271033,-0.000119147021853121,1.6711403689968e-06,-7.93426429498537e-08,1.51662673528392e-05,-1.55264825256514e-05,-0.000187955661067482,1.58025858480246e-05,-1.97323757431185e-05,1.67855599959454e-05,-1.01225117763457e-05,3.99474857257372e-06,-9.38511220617357e-06,2.39144485400901e-05,-2.03658806392078e-05,-1.21335759059484e-05,-4.75702660555164e-06,-2.12421306652447e-06,6.44690968141253e-05,-4.67162852947133e-05,4.05519894992223e-05,-2.08767759220584e-05,-2.3581553644753e-05,1.95364638970707e-05,-2.4780540031966e-05,7.95654451461624e-06,7.38204122690424e-06,1.82338383059136e-05,1.64804830738936e-05,6.25654412760691e-06,4.34071628367453e-05,2.57944859054726e-06,5.01698298432784e-05,5.61125902554324e-05,1.31415144212509e-05,-3.37571591596048e-05,6.82623199850883e-07,-1.69520233785873e-05,1.09645208357805e-06,-9.04160037603291e-06,7.64496103140576e-06,-3.24856647114307e-06,-3.94193591246054e-06,-2.07399662259622e-05,-0.0144739142194024
"kabwe","beta15",1.83120711617633e-05,5.3856191459401e-05,-3.12405167839417e-05,1.45858982692592e-05,1.14472475294669e-06,-1.2710882835174e-05,-0.000119147021853121,0.000259225610936813,-0.000132842730619053,-4.06442648487874e-05,3.88822556804386e-06,-7.46863686827837e-06,0.000517641334445823,1.40124707138072e-05,-4.93570681261118e-06,-8.98790050788353e-06,6.38603458723022e-06,-1.15698912265147e-05,1.51946897059156e-05,-4.93962532744063e-05,5.94824601504854e-05,-6.50764393715352e-05,7.58641058868313e-05,9.89704870675151e-05,-9.03322689310375e-05,1.75825382070727e-05,-5.51059408964008e-05,6.88053189075388e-06,-2.9578063960406e-05,-1.31056851202207e-05,1.15228254376411e-05,-4.65977998877524e-05,9.59697751172501e-06,7.93987837769903e-06,-7.46507946899118e-05,7.98572421608765e-05,-2.12098838721008e-05,-7.32173971456093e-05,-0.000191572617876631,-0.000204766066898717,-7.06043261793679e-05,2.69361424636504e-05,1.17683361495044e-06,-6.2958189398901e-06,6.78063038496168e-06,1.02585152266091e-05,-7.17077535918291e-06,-7.85121618805634e-06,2.41428212935954e-05,7.37573237322286e-07,0.0465597634718742
"kabwe","beta16",6.3464138675749e-05,-3.36988047716502e-05,-1.25374366839457e-06,1.22938409571513e-05,-2.84633191908336e-06,1.65634300752619e-06,1.6711403689968e-06,-0.000132842730619053,0.000247839854391733,-0.000160883031532205,3.07651249546811e-05,-7.50551706513813e-06,-0.000140849039467383,-1.28960684217552e-05,1.49223008878676e-05,-5.47964379811933e-06,4.95343874893702e-06,4.31406238657832e-06,1.33394613658994e-05,6.68143029534679e-06,-8.55909099637724e-06,1.31412124865058e-05,-4.84377682303302e-05,-5.31098061423772e-05,0.00018890580665582,-0.000124275953860584,1.00353192705274e-05,5.04210028320065e-05,1.61879775251895e-05,1.15514160053341e-05,-3.29433817975301e-05,6.25057026226636e-05,-1.3761973061016e-05,-2.78324968717539e-05,3.40568427260812e-05,-6.67665932310479e-05,2.93328094640323e-06,5.68760376225343e-05,0.00015638789335466,0.000128833458195364,7.88166096433196e-05,-4.61038751144925e-05,-2.63646540892957e-05,4.46516292996439e-06,-2.02031932125291e-05,9.16438560243081e-06,-1.57884585790491e-05,1.89800192648186e-05,-9.76957612798913e-06,1.53314565502458e-05,-0.0284049718485546
"kabwe","beta17",-3.44168016690079e-05,3.87846638342875e-05,2.40162785256346e-05,-6.08837985951459e-06,-8.55681440022036e-06,2.05286705597806e-05,-7.93426429498537e-08,-4.06442648487874e-05,-0.000160883031532205,0.000436081321275439,-0.000209233140912105,5.4226983704306e-05,6.95887324195476e-05,-1.47354982648138e-07,-3.285146234001e-05,4.71551519543139e-05,-2.03561281293135e-05,7.49179804471595e-06,-1.35154600356358e-05,2.7599536400072e-05,-2.81522287115277e-05,5.30560377247487e-05,2.65903807959236e-05,4.74856818610502e-05,-0.00028013417523057,0.000253706415396398,5.72846672103969e-06,-5.25764256905795e-05,7.4533719568075e-06,2.2743340786644e-05,2.47001770423834e-05,-5.14911800234911e-05,1.48431954668097e-05,-6.52680248584208e-05,-1.0497913334191e-05,1.81902637192598e-05,-6.30442078371913e-05,-2.7875261251127e-06,-3.36731368846512e-06,8.98761893895189e-05,-2.39607643429568e-05,5.46603389830957e-06,1.95729263960207e-05,1.87299282940211e-05,-2.71480525860906e-05,1.37975955832487e-06,2.58573241748666e-05,-1.98965039911944e-05,-7.48175976239178e-06,-1.95708275892186e-05,0.0238657151682737
"kabwe","beta18",4.53401450823817e-05,-4.4799986236284e-05,-1.26919039966094e-05,-6.30409581705789e-06,3.62593466567981e-05,-3.96483713337476e-05,1.51662673528392e-05,3.88822556804386e-06,3.07651249546811e-05,-0.000209233140912105,0.000250189470195072,-0.000108182673854925,-0.000198312849858454,1.70979282513498e-05,1.56593932045157e-05,-2.57403951351457e-05,2.3830517321828e-05,-1.62285046403947e-05,1.82282978520447e-05,-1.05271990757975e-05,1.36779235156303e-05,-2.83650083918359e-05,-7.02289901915139e-05,-6.37019227186352e-05,0.000218274162596945,-1.60968496637776e-05,-2.48254481061589e-05,3.8071132360668e-05,2.2800423937053e-05,-1.86931167409959e-05,-2.59896920295028e-06,2.41420257883369e-05,4.40498387861074e-06,0.000108681051518678,-7.83831272740381e-06,2.21100561787515e-05,7.12879189998426e-05,-5.26013222077093e-05,-5.11250857746747e-05,-7.38565585019137e-05,5.71042890731853e-07,5.98289194727884e-05,3.56362481310671e-05,-2.2422465231549e-06,3.10732499459431e-05,-1.00841967899854e-05,6.48965305236307e-07,1.96302401598e-06,5.84165704998144e-06,-8.57484350712498e-06,-0.0437602448319502
"kabwe","beta19",-4.60988699264514e-05,3.73321060768821e-06,3.0770846984383e-05,-1.40859142528107e-05,-9.04468571673241e-06,2.64253109635076e-05,-1.55264825256514e-05,-7.46863686827837e-06,-7.50551706513813e-06,5.4226983704306e-05,-0.000108182673854925,0.000136434256265803,2.56102384880744e-05,-8.57113332935623e-05,2.30129397669974e-05,-1.39590701546051e-06,-8.96999718792835e-06,1.94948501053183e-05,-2.07154976886353e-05,6.13960324944256e-06,-1.64275263577808e-05,3.01132759839043e-05,1.61648500746809e-05,-1.41865792200139e-05,-9.59748811092243e-05,-2.31364693488798e-05,2.80465582778851e-05,-3.57012917383615e-05,1.3371718300784e-05,-1.25331206884112e-05,9.68662009818103e-06,1.50560681626032e-05,-7.91698125704529e-06,-2.90563366128735e-05,4.01383666132369e-05,-2.09279569697899e-05,6.38537351021413e-06,8.93206090926473e-05,4.61596037965216e-05,-1.09776065515595e-05,1.79729347542177e-06,-2.63808723773278e-05,-1.72961179634633e-05,2.25034940263413e-05,-2.24754423640375e-05,1.00210507100757e-05,-6.29754317650678e-06,7.23752197001284e-06,-1.89079466448028e-05,-5.74241903870943e-05,0.0151334971750685
"kabwe","beta2",0.000648392757004081,0.000588273868355135,6.77766185926622e-05,-2.24501360600931e-05,-1.0027680551182e-05,-0.000186442535374385,-0.000187955661067482,0.000517641334445823,-0.000140849039467383,6.95887324195476e-05,-0.000198312849858454,2.56102384880744e-05,0.00706153932898517,6.30206347322485e-05,-0.000106734963207198,0.00015432654382968,-0.000141387608086198,4.77731705647089e-06,0.000178811566058934,-0.000300903446750735,0.000270987971821216,-0.000356270329254579,0.0010339937297801,0.00113888881804856,-0.00158583188408935,0.000329713726533906,-0.000352560384817828,0.000165032380015433,-0.000381735476988961,0.000154216077294487,1.40750221734469e-05,-0.000421892647301432,0.000115619676335714,-0.000118196450600799,-0.000758357401646971,0.000330568811790605,-4.31926557104974e-05,-0.000754562802544059,-0.000927471846117854,-0.000667284126318521,-4.52626536579627e-05,-0.000268922221593449,-0.000387868779789434,-8.71084956044758e-05,-0.000198351690179916,0.000105904076855331,1.88768376657817e-05,5.74545370949532e-06,-3.21398698854462e-06,9.20341143768904e-05,0.650802784497863
"kabwe","beta20",2.81790000932331e-05,1.23567349122197e-05,-2.58815347340783e-05,1.84549840199937e-05,-3.78366370590499e-06,-1.76295070247613e-05,1.58025858480246e-05,1.40124707138072e-05,-1.28960684217552e-05,-1.47354982648138e-07,1.70979282513498e-05,-8.57113332935623e-05,6.30206347322485e-05,0.000132169379676627,-9.28688940298401e-05,3.29390742677275e-05,-8.68020231393356e-07,-2.38473997604928e-05,2.48764609260996e-05,-7.98217832976887e-06,1.69086129814281e-05,-2.0210949516427e-05,3.68000246214394e-05,4.38646115875256e-05,-1.90825368397142e-05,4.44886772929194e-06,-1.88138080947875e-05,2.51150460753784e-05,-1.6326497720847e-05,1.83781114972249e-05,-3.1352690643112e-06,-1.60524422439552e-05,1.32722359478865e-05,-5.22856524606817e-05,-2.4841874642733e-05,-2.50697091559204e-05,-5.11817782299537e-05,-5.95959966088489e-05,-2.71949935305496e-05,3.18972273809097e-05,-1.6122354673406e-05,-1.69519615277599e-05,-1.87064372378778e-05,-1.50106850618621e-05,7.90712735199348e-06,-2.5533093668049e-06,-3.05806920896437e-06,-2.70238095638091e-06,1.76638960050299e-05,5.95519685369728e-05,0.00834881572873102
"kabwe","beta21",-3.33206381692901e-05,-1.41113742825177e-05,1.13327565702467e-05,-6.49854680334307e-06,3.34395262591872e-06,1.7808681158231e-05,-1.97323757431185e-05,-4.93570681261118e-06,1.49223008878676e-05,-3.285146234001e-05,1.56593932045157e-05,2.30129397669974e-05,-0.000106734963207198,-9.28688940298401e-05,0.000162236690878605,-0.000116551088811874,3.90307761421308e-05,-8.56457518526347e-06,1.18069635772646e-07,6.99956878254393e-06,-9.6311399889112e-06,9.79495927675894e-06,-2.80209079139196e-05,-3.5160222777367e-05,6.68492573139089e-05,-6.2981791719583e-05,8.47411089509697e-06,7.09723586815046e-06,9.88478415432212e-06,-1.06909001846049e-05,-6.93728206786908e-06,1.52851036346857e-05,-2.10315093380434e-05,6.53240012706424e-05,7.40240431659665e-06,5.9833038463938e-05,3.35639608443788e-05,5.51297683265156e-05,2.63900327489509e-05,5.45701798181642e-06,2.18205247001678e-06,3.97832759887738e-05,1.61117729304589e-05,1.32405672985087e-06,1.16811128512762e-05,-8.70809349767469e-06,4.4612909414918e-06,-2.8515135115793e-06,-5.49468458324329e-06,-4.03210011958496e-05,-0.0204190815164561
"kabwe","beta22",9.61390030960802e-05,1.0009564692678e-05,-2.62241540709634e-06,2.48466194968002e-06,-1.2280889920661e-06,-9.02346279036781e-06,1.67855599959454e-05,-8.98790050788353e-06,-5.47964379811933e-06,4.71551519543139e-05,-2.57403951351457e-05,-1.39590701546051e-06,0.00015432654382968,3.29390742677275e-05,-0.000116551088811874,0.000168330803506936,-9.76293349898142e-05,4.29815135418368e-05,1.65631799380515e-06,-7.71021864750577e-06,2.10544388560493e-05,-3.19173158302746e-05,1.47609483132979e-06,4.66442149280557e-05,7.34518926386672e-05,6.11834014340606e-05,1.75776534286151e-06,9.43214770857299e-06,-4.61532012655429e-06,2.43634268346157e-05,3.03434326970574e-05,-1.80320339042793e-05,4.13380964890164e-05,-7.7953484980727e-05,-8.6877838478608e-06,-5.1260998750856e-05,-4.66483154829765e-05,-5.8294907736174e-05,-3.82374102284816e-05,-3.81503509831464e-05,-2.92508261926051e-07,-3.59083417695416e-05,-5.72437941160636e-06,-4.37829612725063e-06,-1.73405422728263e-05,4.35730665912725e-06,-3.41387618316763e-06,8.93321659500826e-06,-1.21428212908464e-06,-3.70211638658068e-05,0.0157752503634813
"kabwe","beta23",7.69805490465204e-05,-1.63062576042223e-05,-1.41188011164264e-05,2.22113418997771e-05,-1.28015275211804e-05,3.15697226814055e-06,-1.01225117763457e-05,6.38603458723022e-06,4.95343874893702e-06,-2.03561281293135e-05,2.3830517321828e-05,-8.96999718792835e-06,-0.000141387608086198,-8.68020231393356e-07,3.90307761421308e-05,-9.76293349898142e-05,0.000157788185354558,-0.000122137691551888,6.46574030215096e-05,-2.43835214323884e-05,4.81770810518727e-05,-2.17877637361041e-05,-7.93458744551137e-05,-5.29076749460161e-05,0.000223555246277305,-3.97741968558403e-05,-1.12127449650347e-05,4.84330508637069e-05,3.42425751015014e-05,-3.52987131053477e-06,-1.25761814575388e-06,4.03611488068844e-05,-1.54601426088834e-05,2.3202858756579e-05,1.25442875184344e-05,-4.10264198399637e-05,-3.66186453137179e-05,-5.97092986386963e-05,-6.6532351527097e-05,-8.4137837632416e-05,-3.71351647492411e-06,-5.18721096582821e-06,5.16889587015451e-06,1.85490776560411e-05,6.71492824647535e-06,7.39097561519627e-06,-5.55819294969843e-06,-3.89114837780087e-06,4.929157532492e-06,-1.45631288317101e-05,-0.0197264651487514
"kabwe","beta24",-8.4129835366842e-05,1.53284372530411e-05,2.17809271011044e-05,-3.24738308470187e-05,2.33415197208122e-05,2.98144512450175e-06,3.99474857257372e-06,-1.15698912265147e-05,4.31406238657832e-06,7.49179804471595e-06,-1.62285046403947e-05,1.94948501053183e-05,4.77731705647089e-06,-2.38473997604928e-05,-8.56457518526347e-06,4.29815135418368e-05,-0.000122137691551888,0.000180487453841452,-0.000155251530166244,7.56626193203461e-05,-6.34154641815614e-05,7.45859617760044e-06,1.01558998716615e-05,1.317671884594e-05,-4.89994314972997e-05,2.50205686376795e-06,4.53545414176478e-05,-6.64312934553449e-05,-3.17498082719934e-05,8.27676290948115e-06,-9.98780644213804e-06,-2.38419051062156e-05,-1.78734712906494e-05,2.99654548564132e-05,1.95392429555101e-05,-1.36848466138658e-05,3.66687643698202e-05,5.11369351945326e-05,7.77840764902358e-05,7.53969654647219e-05,1.70611466513899e-05,-1.79645644076187e-06,3.68926485842314e-05,-5.00268929698808e-06,-1.69820477506474e-06,-1.05264333508167e-05,8.51752670409121e-06,-3.45661315674593e-06,-4.90585525796932e-06,-6.66090653122526e-07,0.0175093264817828
"kabwe","beta25",0.000160388755317831,-1.61121477065507e-05,-1.36470673897683e-05,3.33547664113244e-05,-1.17752139989892e-05,-2.48276533776885e-05,-9.38511220617357e-06,1.51946897059156e-05,1.33394613658994e-05,-1.35154600356358e-05,1.82282978520447e-05,-2.07154976886353e-05,0.000178811566058934,2.48764609260996e-05,1.18069635772646e-07,1.65631799380515e-06,6.46574030215096e-05,-0.000155251530166244,0.000232250237925024,-0.000148478019937134,0.000101806163835645,-2.33153323070894e-05,2.96917444896677e-05,2.83569786151785e-05,4.78087287267543e-05,1.72325226712927e-05,-6.46845925065438e-05,0.000130469828740734,3.08070444839983e-05,8.51518809468467e-06,2.89477648360668e-05,1.50392964816136e-05,7.08246000980784e-05,-1.08216112814993e-05,-3.3225180283566e-05,8.35052089584204e-05,-4.5462513994919e-05,-4.9573635167637e-05,-9.65082544641164e-05,-7.00899044107427e-05,-2.02246062397684e-05,-1.39494982954155e-06,-3.44968759869637e-05,-8.94250762190734e-06,-3.08872824884704e-05,2.78728590043582e-05,-2.678135343909e-05,1.99042615501114e-05,-1.406449014089e-06,4.49219654802933e-06,-0.0179055569364336
"kabwe","beta26",-0.000127059809112855,-1.47951503966925e-05,7.00758579652958e-06,-2.17550281810348e-05,1.02358764821774e-05,2.26204608620663e-05,2.39144485400901e-05,-4.93962532744063e-05,6.68143029534679e-06,2.7599536400072e-05,-1.05271990757975e-05,6.13960324944256e-06,-0.000300903446750735,-7.98217832976887e-06,6.99956878254393e-06,-7.71021864750577e-06,-2.43835214323884e-05,7.56626193203461e-05,-0.000148478019937134,0.00017220982257428,-0.000146618657165573,5.26466440009355e-05,-3.42337805205118e-05,-5.14455949345584e-05,8.99416518780236e-06,-3.22094403981374e-05,6.6366147976371e-05,-8.51962568376444e-05,2.72401255887535e-08,2.45749231663303e-06,-2.73556996553379e-05,2.72257341849433e-05,-6.81509324050308e-05,3.26025464312932e-05,2.84332102694529e-05,-3.64715124620762e-05,2.95076405764814e-05,6.85605398387312e-05,0.000124100238660994,8.48312181255208e-05,1.83795806926249e-05,-3.95192474442819e-06,3.03140647353618e-05,1.01519823813091e-05,2.04510578582963e-05,-2.77012450872595e-05,2.65772625361564e-05,-1.42072992074671e-05,1.9996926843004e-06,-5.74331392275511e-06,-0.0124179487875218
"kabwe","beta27",0.000274611274699726,1.59281263319788e-05,-1.99707508103688e-06,1.99844478184192e-05,-2.06746449845664e-05,-2.88160796941769e-05,-2.03658806392078e-05,5.94824601504854e-05,-8.55909099637724e-06,-2.81522287115277e-05,1.36779235156303e-05,-1.64275263577808e-05,0.000270987971821216,1.69086129814281e-05,-9.6311399889112e-06,2.10544388560493e-05,4.81770810518727e-05,-6.34154641815614e-05,0.000101806163835645,-0.000146618657165573,0.000322716532414142,-0.000317779613148653,-0.000108577169623274,4.43006644281787e-05,0.000736675304133406,-0.000180115384429364,-4.28717690691764e-05,0.00015189216018247,2.19290380619871e-06,8.50138973914172e-06,6.15810421220662e-05,-2.20406078696439e-05,7.79609689194705e-05,-0.000168048268332094,3.88185928736793e-06,-0.000123688278716537,-0.000172269997014902,-0.00020387066754034,-0.000268985965524893,-0.000255385271789548,-5.18270369964689e-05,-2.39590283477712e-05,-1.19773240717291e-05,1.31236746825761e-06,1.3587482408966e-05,-1.32631426691428e-06,-8.4051053748919e-06,4.37385280746061e-07,5.42692844331074e-06,-9.1822641264268e-05,0.0126885425962747
"kabwe","beta28",-0.000269172211642651,-3.64429391751409e-05,-2.72289001030433e-05,2.17858992489986e-05,-6.04594353787737e-06,5.1409376454292e-05,-1.21335759059484e-05,-6.50764393715352e-05,1.31412124865058e-05,5.30560377247487e-05,-2.83650083918359e-05,3.01132759839043e-05,-0.000356270329254579,-2.0210949516427e-05,9.79495927675894e-06,-3.19173158302746e-05,-2.17877637361041e-05,7.45859617760044e-06,-2.33153323070894e-05,5.26466440009355e-05,-0.000317779613148653,0.000673931385425534,9.31435368417159e-05,-0.00010798575863259,-0.00156562605112274,0.000605314120643993,-2.70092918829689e-05,-0.000176435693965525,0.000105520429091809,-3.23622506100323e-05,-3.03773987596001e-05,2.45603910495708e-05,-5.99180781115296e-05,0.000216481997962553,5.6365464490897e-06,9.0774309070143e-05,0.000185476959372606,0.00027751685195908,0.000339287289013347,0.000313093484554034,1.727332240089e-05,6.71417705994418e-05,-4.13576840551419e-05,2.23170251442299e-05,-3.40743531386736e-05,2.34533201741193e-05,-2.22587291558808e-05,1.5989710983115e-05,-3.87217322899169e-06,9.8611472454951e-05,-0.0347707135060709
"kabwe","beta29",-0.000275016361752047,0.000100715219320177,-3.96766438481109e-06,6.41875119388039e-06,9.4009863805391e-06,-3.34868210355608e-05,-4.75702660555164e-06,7.58641058868313e-05,-4.84377682303302e-05,2.65903807959236e-05,-7.02289901915139e-05,1.61648500746809e-05,0.0010339937297801,3.68000246214394e-05,-2.80209079139196e-05,1.47609483132979e-06,-7.93458744551137e-05,1.01558998716615e-05,2.96917444896677e-05,-3.42337805205118e-05,-0.000108577169623274,9.31435368417159e-05,0.000925320559084557,0.00021780429090274,-0.00203134430348018,0.000250336972466628,-0.000113282411785335,-1.4790860362733e-05,-0.000125703116745132,3.4689857019189e-05,-1.91726677371601e-05,8.16745942996941e-06,-5.8498330480409e-05,4.51889466210859e-05,-0.000191205742646064,0.000357804688863922,0.000217595289108973,0.000148397335888143,0.000197406960770849,0.000253848900550168,-1.64375522861858e-05,-2.29420773843422e-05,-0.000160393612163964,-4.05526454425574e-05,-4.75506433071692e-05,3.27456901352911e-05,-1.23881694358023e-05,2.45670290098493e-05,-8.51264863887694e-06,0.000201351359810226,0.0973588936672418
"kabwe","beta3",3.32667300916738e-05,0.000133879838343238,2.34301309048975e-05,-4.49343351435341e-05,9.13156060235931e-06,-3.83560396570758e-05,-2.12421306652447e-06,9.89704870675151e-05,-5.31098061423772e-05,4.74856818610502e-05,-6.37019227186352e-05,-1.41865792200139e-05,0.00113888881804856,4.38646115875256e-05,-3.5160222777367e-05,4.66442149280557e-05,-5.29076749460161e-05,1.317671884594e-05,2.83569786151785e-05,-5.14455949345584e-05,4.43006644281787e-05,-0.00010798575863259,0.00021780429090274,0.000824019150884705,-0.000225811010856382,-1.74960035401236e-05,-3.87108626486924e-05,1.01289179103128e-05,-0.000113711649764075,6.40150421374214e-05,-2.34233996047719e-06,-9.18947992960665e-05,2.32528784031746e-05,-2.23910390975565e-05,-0.000271810998082548,4.76696015005501e-05,-1.22607727529293e-05,-0.000188639111306159,-0.000227024522511038,-0.000160006977833918,-1.30367496950186e-05,-4.06858967229922e-05,-0.000111779137014516,-1.1748913825105e-05,-9.89298183962095e-05,5.19552824494326e-05,-2.0481401941702e-05,-9.12783457131768e-08,1.90092218931773e-05,2.40172267885592e-05,0.196057338268407
"kabwe","beta30",0.00122850115176054,-0.000156930695041541,0.000103787061192905,-6.78102269074148e-05,2.27525882330919e-05,-3.54688666749904e-05,6.44690968141253e-05,-9.03322689310375e-05,0.00018890580665582,-0.00028013417523057,0.000218274162596945,-9.59748811092243e-05,-0.00158583188408935,-1.90825368397142e-05,6.68492573139089e-05,7.34518926386672e-05,0.000223555246277305,-4.89994314972997e-05,4.78087287267543e-05,8.99416518780236e-06,0.000736675304133406,-0.00156562605112274,-0.00203134430348018,-0.000225811010856382,0.00829899263312587,-0.00264828156433746,0.000453805907761436,0.00057064405393775,-3.20655290950057e-06,0.000103948692320427,7.4079586679704e-05,0.000122536022272693,0.000255757287148485,-0.000603540354891373,0.000380785642228627,-0.000887298800630616,-0.000881430228733322,-0.000804768285012745,-0.000872701489933675,-0.00105819564165497,4.76801706916645e-05,-0.000182582867514334,0.000413942827585818,5.96169461125167e-05,0.000141957371123341,-9.22247628915614e-05,3.72688658405757e-05,-4.01458928327265e-05,-2.58113922847433e-05,-0.000761104269493352,-0.154838915373312
"kabwe","beta31",-2.8288840416224e-05,-1.58156749955967e-05,-0.00010878133938836,5.12579195840459e-05,9.81768329326734e-06,-1.09602067745263e-05,-4.67162852947133e-05,1.75825382070727e-05,-0.000124275953860584,0.000253706415396398,-1.60968496637776e-05,-2.31364693488798e-05,0.000329713726533906,4.44886772929194e-06,-6.2981791719583e-05,6.11834014340606e-05,-3.97741968558403e-05,2.50205686376795e-06,1.72325226712927e-05,-3.22094403981374e-05,-0.000180115384429364,0.000605314120643993,0.000250336972466628,-1.74960035401236e-05,-0.00264828156433746,0.00235419254378395,-0.00049680090558413,-0.000191282175393484,0.000216058065280287,-8.13279633554082e-05,7.39025322934884e-05,-0.000192809724163869,-7.89050813889966e-05,0.00042192950981668,-6.71656626649357e-05,0.000152901477884699,0.000163287819193942,-2.63923768896348e-06,-0.000137433518972368,3.55610999992882e-05,-2.92491021306762e-05,0.000177463362635991,-5.45922323104641e-05,-2.17053915995338e-05,-8.02256798798525e-05,3.55259949822588e-05,-1.34277341091846e-05,9.59295301326517e-06,5.413543347574e-05,0.000161285011618924,-0.00725571255613392
"kabwe","beta32",-0.000105799461413492,-8.39042521732524e-06,1.28059731506739e-06,5.54624240407288e-06,-1.21913756409032e-05,3.91459020996826e-05,4.05519894992223e-05,-5.51059408964008e-05,1.00353192705274e-05,5.72846672103969e-06,-2.48254481061589e-05,2.80465582778851e-05,-0.000352560384817828,-1.88138080947875e-05,8.47411089509697e-06,1.75776534286151e-06,-1.12127449650347e-05,4.53545414176478e-05,-6.46845925065438e-05,6.6366147976371e-05,-4.28717690691764e-05,-2.70092918829689e-05,-0.000113282411785335,-3.87108626486924e-05,0.000453805907761436,-0.00049680090558413,0.00044904762443307,-0.000277731064353569,2.47967711172127e-05,4.69899403333051e-05,-4.42074045718704e-05,6.79657342354556e-05,-2.12198040022887e-05,1.06542433158877e-05,3.26409368978875e-05,-3.32149438181746e-05,5.51545562379734e-05,0.000110677736877471,0.000174593069783136,3.48065147353038e-05,-3.39926511289572e-05,-8.13595022006984e-05,5.06235113747363e-05,-4.29625184258981e-07,2.31099380754156e-06,-1.61730881303061e-05,1.80875641775016e-05,-2.11521866163837e-05,6.35627470246507e-07,-9.13842389873917e-05,-0.0105900386713116
"kabwe","beta33",0.000353295324349093,-1.84048808843741e-05,4.04176862646213e-05,-2.81757581984712e-06,1.17396735865412e-05,-4.8312005529071e-05,-2.08767759220584e-05,6.88053189075388e-06,5.04210028320065e-05,-5.25764256905795e-05,3.8071132360668e-05,-3.57012917383615e-05,0.000165032380015433,2.51150460753784e-05,7.09723586815046e-06,9.43214770857299e-06,4.84330508637069e-05,-6.64312934553449e-05,0.000130469828740734,-8.51962568376444e-05,0.00015189216018247,-0.000176435693965525,-1.4790860362733e-05,1.01289179103128e-05,0.00057064405393775,-0.000191282175393484,-0.000277731064353569,0.000565485756987202,-0.000192486834129204,8.49182043677451e-05,2.54770793882562e-05,5.01657128585425e-05,9.19252391134293e-05,-8.58272651208554e-05,-8.3384194613963e-06,-3.39300987578817e-05,-0.000150833571934928,-0.000190472032207967,-0.000218881193700464,-0.000194256483111304,5.43680178907558e-05,6.72978492477992e-05,-2.56161164488474e-05,3.10348158830528e-06,8.27124819646625e-06,5.31770535899023e-06,-2.391096009533e-05,3.0905972343917e-05,-2.60183552137368e-05,-1.81508855623862e-06,-0.0223254246135719
"kabwe","beta34",3.10924391234274e-05,-5.93868355485272e-05,-4.90986669824586e-05,3.09761902080216e-05,-5.40577180122165e-06,2.89038845286037e-05,-2.3581553644753e-05,-2.9578063960406e-05,1.61879775251895e-05,7.4533719568075e-06,2.2800423937053e-05,1.3371718300784e-05,-0.000381735476988961,-1.6326497720847e-05,9.88478415432212e-06,-4.61532012655429e-06,3.42425751015014e-05,-3.17498082719934e-05,3.08070444839983e-05,2.72401255887535e-08,2.19290380619871e-06,0.000105520429091809,-0.000125703116745132,-0.000113711649764075,-3.20655290950057e-06,0.000216058065280287,2.47967711172127e-05,-0.000192486834129204,0.000389885890373263,-0.000218678703080811,0.000149247315906907,-5.04808983355468e-05,1.94887704627596e-05,5.44769710561978e-05,5.60071097329994e-05,-9.52386406626186e-05,-1.75784550259962e-05,2.09637177375405e-05,5.12157789575595e-05,6.88620049410918e-05,-3.78954048486803e-05,-2.05128199499321e-05,8.79175349562693e-06,2.12980472151165e-05,-1.86291294396066e-05,3.03808177498278e-06,-7.69820057285231e-06,5.78253761758714e-06,1.66019074610325e-05,-0.000101864403822572,-0.0521552344652269
"kabwe","beta35",7.88876467578306e-05,2.22156082849638e-05,2.29567255664388e-05,-1.32847728193212e-05,1.5597567809852e-05,-2.13500724427206e-05,1.95364638970707e-05,-1.31056851202207e-05,1.15514160053341e-05,2.2743340786644e-05,-1.86931167409959e-05,-1.25331206884112e-05,0.000154216077294487,1.83781114972249e-05,-1.06909001846049e-05,2.43634268346157e-05,-3.52987131053477e-06,8.27676290948115e-06,8.51518809468467e-06,2.45749231663303e-06,8.50138973914172e-06,-3.23622506100323e-05,3.4689857019189e-05,6.40150421374214e-05,0.000103948692320427,-8.13279633554082e-05,4.69899403333051e-05,8.49182043677451e-05,-0.000218678703080811,0.000293517591595808,-0.000184648180372577,0.000156357777789328,-3.48373085782099e-05,-1.81335311314196e-06,-1.78342205293299e-05,3.09628830211015e-05,-4.2091933142719e-05,-3.47386776493611e-05,-6.42865667091475e-05,-0.000163849197606534,4.73379746826848e-06,1.22700911828138e-05,2.80024083675634e-05,8.85162076355872e-06,-2.07454554094723e-05,1.21403721004286e-05,-5.93380046697472e-06,2.65682305017609e-06,-1.04346458041085e-05,-5.48926981487759e-05,0.0216801087515799
"kabwe","beta36",0.000120745693057444,-3.3000887894603e-06,3.80478368107853e-06,8.40545310168708e-06,-1.38109071394134e-05,1.69936465658862e-05,-2.4780540031966e-05,1.15228254376411e-05,-3.29433817975301e-05,2.47001770423834e-05,-2.59896920295028e-06,9.68662009818103e-06,1.40750221734469e-05,-3.1352690643112e-06,-6.93728206786908e-06,3.03434326970574e-05,-1.25761814575388e-06,-9.98780644213804e-06,2.89477648360668e-05,-2.73556996553379e-05,6.15810421220662e-05,-3.03773987596001e-05,-1.91726677371601e-05,-2.34233996047719e-06,7.4079586679704e-05,7.39025322934884e-05,-4.42074045718704e-05,2.54770793882562e-05,0.000149247315906907,-0.000184648180372577,0.000308396767231951,-0.000229139706439133,0.000132165513563095,-9.36055548101437e-05,5.41464356095116e-05,-0.000100146651415827,-9.27865732321911e-05,-4.51173157048991e-05,-8.14059110168221e-05,-5.68581717713595e-07,-1.94042513628581e-05,1.98784321444144e-05,-1.30137195804488e-05,-2.20049779520431e-05,-1.92287829395201e-05,4.35521803427487e-06,-1.30958324569436e-05,1.38851381356234e-05,-7.00446544017161e-06,-9.67754209046917e-05,0.000988406065984009
"kabwe","beta37",3.82881601138825e-06,-5.29701731952399e-05,-1.81166406770774e-05,-8.15967791294075e-06,2.45913387828277e-05,4.74836874073029e-06,7.95654451461624e-06,-4.65977998877524e-05,6.25057026226636e-05,-5.14911800234911e-05,2.41420257883369e-05,1.50560681626032e-05,-0.000421892647301432,-1.60524422439552e-05,1.52851036346857e-05,-1.80320339042793e-05,4.03611488068844e-05,-2.38419051062156e-05,1.50392964816136e-05,2.72257341849433e-05,-2.20406078696439e-05,2.45603910495708e-05,8.16745942996941e-06,-9.18947992960665e-05,0.000122536022272693,-0.000192809724163869,6.79657342354556e-05,5.01657128585425e-05,-5.04808983355468e-05,0.000156357777789328,-0.000229139706439133,0.000490758380173827,-0.00026039540371522,6.06105488265421e-05,2.48194210839903e-05,-1.83731566615109e-05,1.44639103144919e-05,5.02034511769208e-05,8.16042223923796e-05,-9.5129603484256e-05,9.45478388227536e-06,2.85797739927388e-05,4.76936112585326e-05,7.26456611206058e-05,1.89904662191384e-05,-1.42315198582887e-05,9.69939427688377e-06,-6.19381358150171e-06,1.03804689940554e-05,-0.000140067781142499,-0.0421732142862192
"kabwe","beta38",0.000133279454845542,1.0660870493924e-05,1.41123150749929e-05,1.53152414623983e-05,-1.7896294790026e-05,-2.2361235534212e-05,7.38204122690424e-06,9.59697751172501e-06,-1.3761973061016e-05,1.48431954668097e-05,4.40498387861074e-06,-7.91698125704529e-06,0.000115619676335714,1.32722359478865e-05,-2.10315093380434e-05,4.13380964890164e-05,-1.54601426088834e-05,-1.78734712906494e-05,7.08246000980784e-05,-6.81509324050308e-05,7.79609689194705e-05,-5.99180781115296e-05,-5.8498330480409e-05,2.32528784031746e-05,0.000255757287148485,-7.89050813889966e-05,-2.12198040022887e-05,9.19252391134293e-05,1.94887704627596e-05,-3.48373085782099e-05,0.000132165513563095,-0.00026039540371522,0.000580003885201094,-0.000280968965679333,-1.59465808642662e-05,0.000179090181795933,2.96097641963019e-05,-7.65178294496743e-05,-0.000159251103361031,-3.43407509697721e-05,7.91371102391445e-06,8.6702029039203e-05,3.58642332191447e-05,-2.2789478834695e-05,-7.10247299726991e-06,2.52160166408642e-05,-3.08090883761466e-05,1.86897773948904e-05,-1.31124248330248e-05,-6.87548292294969e-06,-0.0137053317386652
"kabwe","beta39",-0.000132205963512933,-7.59277601925648e-05,-2.68885307266808e-06,9.61563314878535e-06,2.66474711232686e-05,-1.2136644631766e-05,1.82338383059136e-05,7.93987837769903e-06,-2.78324968717539e-05,-6.52680248584208e-05,0.000108681051518678,-2.90563366128735e-05,-0.000118196450600799,-5.22856524606817e-05,6.53240012706424e-05,-7.7953484980727e-05,2.3202858756579e-05,2.99654548564132e-05,-1.08216112814993e-05,3.26025464312932e-05,-0.000168048268332094,0.000216481997962553,4.51889466210859e-05,-2.23910390975565e-05,-0.000603540354891373,0.00042192950981668,1.06542433158877e-05,-8.58272651208554e-05,5.44769710561978e-05,-1.81335311314196e-06,-9.36055548101437e-05,6.06105488265421e-05,-0.000280968965679333,0.00144751064574664,-0.000157076759474255,7.33146063654988e-05,0.000456158513868144,4.1881336032804e-05,-1.50727349996573e-06,-5.9330945373813e-05,3.92533446444231e-05,6.31246996715241e-05,0.000168432218281986,2.56633538046437e-05,-9.12142531550647e-06,4.5772959048151e-06,4.20908551840116e-06,1.5859251924239e-05,-1.72772327706548e-05,0.000151591251883662,-0.0430701768225959
"kabwe","beta4",2.19848166356516e-05,-4.46309352926579e-05,-2.23927728710612e-06,-5.47032853428739e-06,1.12078453396487e-05,1.40861171036053e-05,1.64804830738936e-05,-7.46507946899118e-05,3.40568427260812e-05,-1.0497913334191e-05,-7.83831272740381e-06,4.01383666132369e-05,-0.000758357401646971,-2.4841874642733e-05,7.40240431659665e-06,-8.6877838478608e-06,1.25442875184344e-05,1.95392429555101e-05,-3.3225180283566e-05,2.84332102694529e-05,3.88185928736793e-06,5.6365464490897e-06,-0.000191205742646064,-0.000271810998082548,0.000380785642228627,-6.71656626649357e-05,3.26409368978875e-05,-8.3384194613963e-06,5.60071097329994e-05,-1.78342205293299e-05,5.41464356095116e-05,2.48194210839903e-05,-1.59465808642662e-05,-0.000157076759474255,0.000634655366193114,-0.000265589964716558,-0.000119514499777312,7.39163180099375e-05,-1.40509840959955e-05,1.41292493154489e-05,2.13970416605315e-05,0.000105523941453951,3.75510189100438e-05,-2.95106783914828e-05,-0.000181134089160968,1.30521068619757e-05,-1.35481354259556e-05,1.87704638044084e-05,-8.90142918161116e-06,-0.000115234446603371,-0.0074726651709746
