"region","name","alpha_D","beta1","beta10","beta11","beta12","beta13","beta14","beta15","beta16","beta17","beta18","beta19","beta2","beta20","beta21","beta22","beta23","beta24","beta25","beta26","beta27","beta28","beta29","beta3","beta30","beta31","beta32","beta33","beta34","beta35","beta36","beta37","beta38","beta39","beta4","beta40","beta41","beta42","beta5","beta6","beta7","beta8","beta9","mu_D_1","mu_D_2","p_G_D","start_date"
"kabwe","alpha_D",0.000176290541196531,5.02020469278645e-06,8.89078077298374e-07,-9.13087335312412e-06,3.23067025953966e-06,-9.57220505746934e-07,3.27820571529492e-06,3.17356708598084e-06,6.4736138391227e-06,-2.44074750702022e-05,8.27164046450767e-06,-8.51392524672053e-06,4.50270498872114e-06,7.31510528065658e-06,-1.60008825617385e-05,1.77974828492109e-05,-6.71408029977249e-07,-6.5251658367372e-06,1.8262187844655e-06,-1.1107495207151e-05,1.03336663370227e-05,1.30194708308675e-06,-1.43972577757427e-06,-5.50609797275237e-05,-9.17219646370181e-06,9.97328276728497e-06,-2.82468763514042e-06,1.76039944814159e-05,-2.07623958171763e-05,5.73946175631948e-06,1.86201036177322e-05,-3.06961958737349e-05,3.21403948944403e-05,-1.52387237748465e-05,8.7647842476725e-06,8.86396848284327e-06,2.21965208379e-05,-2.93901471321083e-05,8.53340185621582e-06,3.11994027324218e-06,4.76353426828823e-06,-1.1785224365651e-05,3.25117988654894e-06,0,0,1.21359803447711e-05,-0.00626332254756856
"kabwe","beta1",5.02020469278645e-06,0.000100424159891755,1.09316310639148e-05,-8.0678672407142e-06,2.54026098430476e-06,-1.13115049423863e-06,5.62271616793565e-06,-2.63647065499444e-06,4.19090087300743e-06,-9.28723254131148e-06,7.46633081236926e-06,-1.2813324283446e-05,3.06360181384242e-05,1.22162777286833e-05,-9.57120376430167e-06,-5.38518168955398e-06,9.45839663797112e-06,-7.92937166204402e-06,6.61454195281412e-06,-1.19115353621442e-05,-1.84701004092232e-07,3.62076414027756e-06,-8.83358025433022e-06,3.21336911908871e-06,7.29570699884787e-06,-2.81855258117022e-06,-4.81676007545082e-07,-7.66229315852769e-06,7.75981222904048e-06,-4.09889438805251e-06,-9.05917621103854e-06,9.55275551987814e-06,-1.15918564760007e-05,-3.78503513699232e-06,-4.07825510102653e-08,5.33927803431315e-06,-5.50970499836956e-06,1.36102213531571e-05,7.08811584252262e-07,5.29247729210781e-06,-1.14103347608134e-05,9.41783429389432e-06,-1.00129372197938e-05,0,0,4.4545332424756e-06,0.0246180170455987
"kabwe","beta10",8.89078077298374e-07,1.09316310639148e-05,0.000194501638685748,-0.000116144430100485,2.05814416203785e-05,-1.23458287335153e-06,1.17888026253744e-06,3.48716922678788e-06,-1.48918139057144e-05,1.46391662666372e-05,-1.10565296371873e-06,1.25781753646644e-06,2.70339658259648e-05,1.28566264780926e-06,-1.12881761745399e-06,1.87543514688269e-06,-1.26446051177158e-07,7.13809181112617e-06,-1.55463398198527e-05,1.07114603654594e-05,-1.31542003386621e-05,2.28418732212019e-05,-1.22205571514205e-05,-2.99721947609511e-06,1.13503797562603e-05,-1.78626856223338e-05,1.07133005600071e-05,-2.63375853392824e-05,2.50923531602322e-05,-1.15162566465084e-05,5.66756457046195e-06,-1.59124144151502e-05,7.98622878174135e-06,-2.44054289608432e-05,-1.15873119379245e-05,1.0937764900037e-05,2.01477616781377e-06,2.65416613134655e-06,1.42835945557568e-05,-1.71425896781928e-05,2.1262671290904e-05,-8.96711179335252e-07,-8.50616001837228e-05,0,0,6.02636977124853e-05,0.00788310615911392
"kabwe","beta11",-9.13087335312412e-06,-8.0678672407142e-06,-0.000116144430100485,0.000179818273601735,-9.7161291236821e-05,2.79016858649089e-05,-1.34883403691888e-05,7.55891707251641e-06,3.5831767617367e-06,7.5360449087187e-08,2.76217427925917e-06,-1.20624189090254e-05,-1.84080579329308e-05,1.15227790638412e-05,-4.47807392778981e-06,-2.07952795065587e-06,-6.13804521166759e-07,-8.52335872972878e-07,9.71423755444334e-06,-3.03576945285115e-06,8.69635032116749e-06,-4.62326920923867e-06,-1.56582939124773e-05,2.99935199344836e-05,2.52820357312774e-06,1.05352236415381e-05,8.55809540707238e-06,9.1596402227397e-07,-8.78437509734856e-06,8.18931057465761e-06,4.50406678492331e-06,7.24508803626038e-06,-4.78739636327316e-06,1.81131397850748e-05,-4.46814550156888e-06,-1.23275184284465e-05,1.84985320088668e-05,-4.74573281842089e-06,-7.39291279631871e-06,8.80394162915909e-06,-4.91410177756463e-06,-2.61143614628861e-06,1.44654746671893e-05,0,0,-4.17061474536523e-05,-0.00246879236987776
"kabwe","beta12",3.23067025953966e-06,2.54026098430476e-06,2.05814416203785e-05,-9.7161291236821e-05,0.000151661951011445,-0.000103017086667776,2.57440563499293e-05,-4.54403747067624e-06,-1.02068266520916e-05,1.23784062827071e-05,-1.11083308932434e-05,1.63229954723583e-05,1.55747051733735e-05,-1.10837389934972e-05,1.94068206405645e-06,4.43602692436726e-06,2.04334275424949e-06,-6.43470178300522e-06,2.82067824554695e-06,-7.42735232448341e-06,-1.25745778457068e-06,5.47634965436888e-06,1.1057852378073e-05,-7.06244648636054e-06,-1.52214602929903e-05,8.2027237056709e-06,-1.15034872480765e-05,1.53302586940803e-05,-1.25239456263932e-05,-5.17689770004467e-06,-6.76717963324104e-06,-5.19701640419155e-06,-3.05022315839007e-06,-1.28419940939368e-06,-1.51723150346747e-05,1.93145290549351e-05,-3.60368637085437e-05,1.80853117118517e-05,1.47819780100388e-05,-3.46341970626184e-06,-4.23961736475386e-06,2.65182367543698e-06,6.59469446583673e-07,0,0,1.1391570522216e-05,0.000456574861022488
"kabwe","beta13",-9.57220505746934e-07,-1.13115049423863e-06,-1.23458287335153e-06,2.79016858649089e-05,-0.000103017086667776,0.000175648063962941,-0.000111245639271486,1.30098159057297e-05,5.63909176266428e-06,-1.91795156789204e-06,1.04791651176071e-05,-1.58462079233969e-05,-1.60841908821714e-05,1.25078260373918e-05,-6.33571430592456e-06,5.77445478107897e-06,-1.10761553030118e-06,4.07220477850391e-06,2.44553854600202e-06,1.90140301567835e-06,3.44438442375117e-06,-1.93073483247263e-06,-1.7527292517574e-05,-1.94123784743426e-05,3.15656678492473e-05,-5.49224090557232e-06,-1.80721094347137e-06,-2.1359377400069e-06,9.32692047433579e-06,2.78307134785755e-06,1.06974895986399e-05,8.1818626701096e-07,1.81514362695198e-06,4.4948268912866e-06,1.10253364737217e-05,-7.66569478455802e-06,1.26878058844039e-05,-1.35837096436584e-05,-1.31255214729835e-05,1.3017349346905e-06,2.94826728821246e-06,1.9872986386247e-06,3.34867701194497e-07,0,0,-1.69456174300201e-05,-0.00725121160040721
"kabwe","beta14",3.27820571529492e-06,5.62271616793565e-06,1.17888026253744e-06,-1.34883403691888e-05,2.57440563499293e-05,-0.000111245639271486,0.000187106980663783,-8.39419638075832e-05,3.22802848613361e-06,6.92769942391919e-06,-1.62827302191686e-05,2.01608850492558e-05,2.97679211895223e-06,-2.01618269397381e-05,2.45471384814887e-05,-1.34570629290626e-05,5.94913912683259e-07,9.81946067898317e-07,-6.57478126756188e-06,8.93719369170448e-06,-1.5417790798576e-05,3.21146751021726e-06,1.59722777933138e-05,1.13976170042463e-05,-1.2667890504991e-05,-2.0972597262696e-05,2.73559338826457e-05,-1.98496082111782e-05,-5.20795570357109e-07,6.03803281757714e-07,-1.47468932852603e-05,-5.03555612025504e-07,-1.11956096910287e-05,1.29144226844398e-05,-1.77376112782388e-06,-1.41876575404492e-05,4.77766564424278e-06,-1.16802696152833e-05,1.01326706173555e-05,4.82880662867035e-06,-1.33053898429114e-05,6.90631287270454e-06,-3.39823247412516e-06,0,0,4.56983047623338e-05,0.00544965160183709
"kabwe","beta15",3.17356708598084e-06,-2.63647065499444e-06,3.48716922678788e-06,7.55891707251641e-06,-4.54403747067624e-06,1.30098159057297e-05,-8.39419638075832e-05,0.000156011409430057,-7.63116099820474e-05,-2.27726687172433e-05,1.81146751292365e-06,5.93373850718891e-07,-3.52214229564132e-06,6.29276072053297e-06,-1.31279829807705e-05,7.65076962625112e-06,-2.95987161240825e-06,4.51268895347828e-06,5.88637217882062e-09,-9.0110235288912e-07,9.01522462476454e-06,7.09509804750769e-07,-1.25981673964596e-05,3.08876838200444e-05,7.87983075794042e-06,1.98413922153968e-05,-2.2417360904524e-05,8.80119437977157e-06,5.77265185745192e-06,6.76031403249903e-07,9.72223666754355e-06,-1.27147410043693e-06,8.16787940264377e-06,-1.88657359650617e-05,-1.59179350720061e-05,2.68702363417669e-05,-1.00024673751844e-05,4.03679874581974e-05,-1.37314167102694e-05,-2.0527176346943e-06,8.57262022593223e-06,-9.34843523214311e-06,1.1893416434226e-06,0,0,-5.88374303682644e-06,-0.00200223730055791
"kabwe","beta16",6.4736138391227e-06,4.19090087300743e-06,-1.48918139057144e-05,3.5831767617367e-06,-1.02068266520916e-05,5.63909176266428e-06,3.22802848613361e-06,-7.63116099820474e-05,0.000155540754090464,-0.000120303851226,1.04836616323967e-05,-1.82027079788267e-05,8.68507065127616e-06,1.30166812519695e-05,5.44437308085716e-06,-5.78428252461035e-06,-1.52109494776806e-06,-1.55501830754865e-06,1.61371600917584e-06,-1.17167320391698e-06,-5.24954060087988e-06,-3.24680775121857e-06,8.72680307999492e-06,-9.43536759305963e-06,-1.12542542688733e-05,-1.42245910501549e-06,3.2884200546163e-06,5.74388076676744e-06,-8.70067129417176e-06,8.56678671524497e-07,-4.41888342789787e-06,-1.60323110620617e-06,1.22800723917111e-06,-9.14501890857095e-06,4.57540765950099e-07,-3.26946871440567e-06,1.33521729423838e-05,-3.33994214357769e-05,2.85672144489969e-06,-3.42722060412292e-06,1.27779545345349e-05,-5.40178061030905e-06,1.17671511554922e-05,0,0,4.60017360149801e-06,0.00386546518600146
"kabwe","beta17",-2.44074750702022e-05,-9.28723254131148e-06,1.46391662666372e-05,7.5360449087187e-08,1.23784062827071e-05,-1.91795156789204e-06,6.92769942391919e-06,-2.27726687172433e-05,-0.000120303851226,0.000332289636074157,-0.000167331213743613,4.01089426425662e-05,-1.78888622828769e-05,-1.99479243072479e-05,5.10070487105093e-06,9.82237719244398e-06,-5.02385978427276e-06,1.87802703907379e-06,-6.77474486148239e-06,8.35140363756387e-06,3.07364722704124e-06,-2.09247561381819e-08,-3.20605184439379e-06,-4.77127335880616e-05,5.97783369893801e-06,-1.40985725988184e-05,1.237110391539e-05,3.85044673941456e-06,-1.34374781012407e-05,4.99857232824293e-06,-1.82666115111829e-06,6.0332578269821e-08,-7.01365424089783e-07,2.70031268526851e-05,2.9540947619046e-05,-1.9660993336366e-05,-1.00270560102958e-06,4.29864914252566e-06,-5.19087557622308e-06,8.95272987959511e-06,-1.57289075067865e-05,1.0529444245296e-05,-2.17789626921701e-05,0,0,-2.86938260466822e-06,-0.0140864191451189
"kabwe","beta18",8.27164046450767e-06,7.46633081236926e-06,-1.10565296371873e-06,2.76217427925917e-06,-1.11083308932434e-05,1.04791651176071e-05,-1.62827302191686e-05,1.81146751292365e-06,1.04836616323967e-05,-0.000167331213743613,0.000260005239793724,-0.00011584907712017,2.43973563100678e-06,3.48547857472035e-05,-2.00132759719874e-05,-8.19418915563212e-07,1.38903170363369e-05,-4.8136502798469e-06,5.24467994764886e-06,-3.10479301173042e-06,-4.90813155069258e-06,3.44293140376634e-06,1.15034991981749e-05,2.71117892911894e-05,-1.14121019014002e-05,1.27451372743507e-05,-3.23989545753165e-06,-1.13581002864035e-05,2.26692446211224e-05,-2.19598418804054e-06,2.09492340932298e-06,1.4069061884449e-05,-1.95846265562283e-06,-3.03106480935256e-06,-3.26571209141156e-06,3.04596772926298e-06,3.2095499412399e-06,-1.54802357707281e-05,4.35960114764464e-06,-9.43098474222134e-06,3.36065586100074e-06,2.35145502281513e-06,6.55766598647389e-06,0,0,-5.45794155856767e-05,0.00828150963857876
"kabwe","beta19",-8.51392524672053e-06,-1.2813324283446e-05,1.25781753646644e-06,-1.20624189090254e-05,1.63229954723583e-05,-1.58462079233969e-05,2.01608850492558e-05,5.93373850718891e-07,-1.82027079788267e-05,4.01089426425662e-05,-0.00011584907712017,0.000155960461168152,-1.64566675997184e-05,-9.57854635304735e-05,3.95309749205827e-05,-4.04618745136827e-06,-8.06446397700632e-06,6.43993723774854e-06,-2.78108723648056e-06,3.56228787602893e-06,4.96594812181587e-06,-6.75159438775443e-06,4.07770841003052e-07,-9.67955561996108e-06,8.48138482404707e-06,5.78056651259747e-06,-1.32258890563138e-05,8.32837401935827e-06,-6.23434604663087e-06,2.17725726034005e-06,-2.51093695622233e-06,-1.37589207405522e-06,4.34761961422975e-07,1.84861203435073e-06,5.32962185787342e-07,6.63175439019441e-06,-1.56455643031432e-05,3.49285478722002e-05,3.57667313403593e-06,-9.27061201919699e-07,-6.02555369523909e-06,4.95599215159025e-06,1.06798488636373e-06,0,0,1.75466482959663e-05,-0.00980923745382591
"kabwe","beta2",4.50270498872114e-06,3.06360181384242e-05,2.70339658259648e-05,-1.84080579329308e-05,1.55747051733735e-05,-1.60841908821714e-05,2.97679211895223e-06,-3.52214229564132e-06,8.68507065127616e-06,-1.78888622828769e-05,2.43973563100678e-06,-1.64566675997184e-05,0.000739640606486292,8.77017918200932e-06,1.07560963116943e-05,-2.39527371515037e-05,9.82578938883504e-06,-1.01015192399342e-05,8.37868442689717e-06,-7.22216155856679e-06,-9.97545862597884e-06,3.96564973026879e-05,-5.32449240747244e-05,-1.73949718453774e-05,1.81557113080027e-05,7.00096910061051e-06,-1.99775928399503e-05,4.81307567862468e-07,3.91407870112708e-05,-3.18290468821999e-05,2.32796813262606e-05,-2.80708448393879e-05,3.23272372855291e-05,-1.479901122521e-05,-6.94788938464647e-05,1.2702905079634e-05,-5.19027998857781e-05,6.32905415977408e-05,2.45466439849218e-05,-2.32592382833033e-05,1.80961225195191e-05,5.74258336556286e-06,-2.30806154104005e-05,0,0,-3.36317313347713e-06,0.153919903771207
"kabwe","beta20",7.31510528065658e-06,1.22162777286833e-05,1.28566264780926e-06,1.15227790638412e-05,-1.10837389934972e-05,1.25078260373918e-05,-2.01618269397381e-05,6.29276072053297e-06,1.30166812519695e-05,-1.99479243072479e-05,3.48547857472035e-05,-9.57854635304735e-05,8.77017918200932e-06,0.000141374096161487,-0.000112593026071014,3.17793329467153e-05,-2.56809586974577e-06,-9.82661783208755e-07,1.61183477410762e-06,-3.82868011275438e-06,3.40314641056727e-06,2.46698306304335e-06,-4.8896282161578e-06,1.94060883164692e-05,-1.55025365327794e-06,-3.66014283471503e-06,1.21032029818063e-05,-6.89113728432137e-06,1.07698706636238e-05,-5.74955739102423e-06,4.76615033319154e-06,-1.05105275733279e-06,1.17910848951182e-05,-1.36562800257572e-05,-1.77324101972526e-05,-1.5111299198956e-07,1.28580189317513e-05,-2.73745461819641e-05,-7.0417780656756e-06,1.81048061360085e-06,8.15080712320334e-07,-6.0133680755001e-06,-1.57693467361754e-06,0,0,-2.35126876781421e-05,0.00419045510828898
"kabwe","beta21",-1.60008825617385e-05,-9.57120376430167e-06,-1.12881761745399e-06,-4.47807392778981e-06,1.94068206405645e-06,-6.33571430592456e-06,2.45471384814887e-05,-1.31279829807705e-05,5.44437308085716e-06,5.10070487105093e-06,-2.00132759719874e-05,3.95309749205827e-05,1.07560963116943e-05,-0.000112593026071014,0.000172708391754753,-9.62728108383695e-05,2.78959585675558e-05,-5.98684984398766e-06,6.90989777664044e-06,7.12181083722581e-06,-7.78355591818861e-06,1.95160518487094e-06,6.76598471481054e-06,-1.36763955068421e-05,5.99976941159713e-06,-4.7843931515575e-06,6.23107893574679e-06,-3.64018456411067e-06,-1.25260870367249e-06,1.21745453468589e-05,-4.0469537177313e-07,3.44612072457285e-06,-1.24451574521201e-05,3.39142979635335e-05,1.29872543674072e-05,-3.40613987436278e-06,6.81577896213861e-06,1.37373518412768e-05,1.03959343054232e-05,2.12033678193344e-08,4.98599990100187e-06,1.84349003478959e-06,5.55708178429223e-07,0,0,-3.93644799012765e-05,0.00237328509401449
"kabwe","beta22",1.77974828492109e-05,-5.38518168955398e-06,1.87543514688269e-06,-2.07952795065587e-06,4.43602692436726e-06,5.77445478107897e-06,-1.34570629290626e-05,7.65076962625112e-06,-5.78428252461035e-06,9.82237719244398e-06,-8.19418915563212e-07,-4.04618745136827e-06,-2.39527371515037e-05,3.17793329467153e-05,-9.62728108383695e-05,0.000126908852014115,-8.35196265069557e-05,3.36765953862335e-05,-1.66431283236598e-05,4.65986329715102e-06,5.42066668122735e-06,4.90781654804758e-06,-1.00077905616338e-05,-4.05298295965582e-06,-6.10383799456962e-06,1.98835764965561e-05,-1.48274615142155e-05,1.42929493427457e-05,-1.14805840025558e-05,1.34778184163238e-06,-2.00049631695556e-06,-4.56556282404023e-06,3.96078977600237e-06,-1.14270997423157e-05,-7.68856905827699e-06,-1.11741164257036e-05,9.04445988047247e-06,-2.43341932172834e-05,-8.10205096525809e-06,1.84591942005884e-06,-5.39900007687776e-06,6.08931063588176e-06,-4.9833599141703e-06,0,0,6.21697179242894e-05,-0.0129887562630115
"kabwe","beta23",-6.71408029977249e-07,9.45839663797112e-06,-1.26446051177158e-07,-6.13804521166759e-07,2.04334275424949e-06,-1.10761553030118e-06,5.94913912683259e-07,-2.95987161240825e-06,-1.52109494776806e-06,-5.02385978427276e-06,1.38903170363369e-05,-8.06446397700632e-06,9.82578938883504e-06,-2.56809586974577e-06,2.78959585675558e-05,-8.35196265069557e-05,0.000111345430906962,-7.70533733021532e-05,3.82537024146983e-05,-1.368806605111e-05,5.43452347256434e-07,-3.48664814259076e-06,1.06350569675197e-05,1.30176821303385e-05,4.22805815248238e-06,-1.84131130267955e-05,1.8987862088432e-05,-1.17681695438423e-05,1.47086653239157e-05,-7.65171677798834e-06,3.4269140658124e-06,5.59026363229764e-06,5.47231109580684e-06,-6.28181410148739e-06,5.88230527117101e-06,2.21363106461884e-05,-1.80966333628153e-05,2.2437021481926e-05,6.88925943451953e-06,-8.17399390579324e-06,6.45853932894468e-06,-6.30448321615655e-06,3.82840791287713e-06,0,0,-5.28423235451272e-05,0.0108461846292891
"kabwe","beta24",-6.5251658367372e-06,-7.92937166204402e-06,7.13809181112617e-06,-8.52335872972878e-07,-6.43470178300522e-06,4.07220477850391e-06,9.81946067898317e-07,4.51268895347828e-06,-1.55501830754865e-06,1.87802703907379e-06,-4.8136502798469e-06,6.43993723774854e-06,-1.01015192399342e-05,-9.82661783208755e-07,-5.98684984398766e-06,3.36765953862335e-05,-7.70533733021532e-05,0.000108966147109057,-8.23855639213465e-05,3.77937901347176e-05,-1.0529537495662e-05,3.53112480876228e-06,3.96102050343295e-06,-1.43628231332909e-05,-1.30186320735895e-06,7.94681613239358e-06,-9.05662269327318e-06,8.86612150146761e-06,-4.44728070213871e-06,7.38443835205095e-06,1.01314639740898e-06,-2.66064249300737e-06,3.61604095111095e-06,-7.0023854390511e-07,9.01962804054028e-06,-4.76111772730044e-06,1.41530473440577e-05,-1.05775755075689e-05,6.17403573380832e-07,1.79876448777269e-06,-1.99923662009527e-06,1.79867948572181e-06,-3.55883596942665e-06,0,0,3.06587305796602e-05,-0.00738189608935667
"kabwe","beta25",1.8262187844655e-06,6.61454195281412e-06,-1.55463398198527e-05,9.71423755444334e-06,2.82067824554695e-06,2.44553854600202e-06,-6.57478126756188e-06,5.88637217882062e-09,1.61371600917584e-06,-6.77474486148239e-06,5.24467994764886e-06,-2.78108723648056e-06,8.37868442689717e-06,1.61183477410762e-06,6.90989777664044e-06,-1.66431283236598e-05,3.82537024146983e-05,-8.23855639213465e-05,0.000115263119857578,-8.18156570359715e-05,3.55912829752137e-05,-6.39041995519898e-06,-1.05535434948762e-06,1.79300854923449e-05,-4.01327372571457e-06,1.19863976417574e-05,3.42690698636332e-06,-2.06062418146023e-06,2.37881759592045e-06,8.08021340643771e-06,-4.26832132777218e-06,8.42971499296882e-06,-4.99349502896866e-06,2.95908712723896e-06,-2.28143038814148e-05,1.92290065054616e-05,-1.03798290518426e-05,1.04209790862858e-05,-7.30966577023695e-06,5.81692975550978e-06,1.17541779609115e-06,-5.001322565101e-06,8.55812034807779e-06,0,0,-6.48908073273573e-05,0.00310762730600328
"kabwe","beta26",-1.1107495207151e-05,-1.19115353621442e-05,1.07114603654594e-05,-3.03576945285115e-06,-7.42735232448341e-06,1.90140301567835e-06,8.93719369170448e-06,-9.0110235288912e-07,-1.17167320391698e-06,8.35140363756387e-06,-3.10479301173042e-06,3.56228787602893e-06,-7.22216155856679e-06,-3.82868011275438e-06,7.12181083722581e-06,4.65986329715102e-06,-1.368806605111e-05,3.77937901347176e-05,-8.18156570359715e-05,0.000123694255027826,-8.83059132144966e-05,1.95240399088222e-05,8.09405375802645e-06,-6.79169585296992e-06,9.39369171217245e-06,-8.45891919813105e-06,5.66248335620675e-06,-1.50469398752641e-07,7.54568394697115e-06,-1.98143526456639e-06,9.64033760459036e-06,-4.22346591248093e-07,9.48978726253551e-07,8.55731163163463e-06,1.25639409437933e-05,-1.1519591986233e-05,2.4201829754666e-05,-2.18639339453863e-05,8.46414522345401e-06,-7.6133512020673e-06,-2.25452794602458e-06,9.08956501495788e-06,-7.86927833484302e-06,0,0,7.4809541167957e-06,-0.00262677603872185
"kabwe","beta27",1.03336663370227e-05,-1.84701004092232e-07,-1.31542003386621e-05,8.69635032116749e-06,-1.25745778457068e-06,3.44438442375117e-06,-1.5417790798576e-05,9.01522462476454e-06,-5.24954060087988e-06,3.07364722704124e-06,-4.90813155069258e-06,4.96594812181587e-06,-9.97545862597884e-06,3.40314641056727e-06,-7.78355591818861e-06,5.42066668122735e-06,5.43452347256434e-07,-1.0529537495662e-05,3.55912829752137e-05,-8.83059132144966e-05,0.000153550598912131,-0.000109935653674362,2.23032966676978e-05,-4.93153683474934e-06,-9.43383063457014e-06,1.54094724149055e-05,-6.32068304600465e-06,1.15860855672376e-05,-8.03800273553968e-06,1.20211963004454e-05,-1.05882011361793e-05,1.75460711003822e-05,-8.83783643990523e-07,6.44984775240566e-06,1.2160107348304e-06,-4.42333281579718e-06,9.84848889011258e-07,1.25894169165731e-05,-1.43013733240375e-05,3.01022064085654e-06,3.90621212759127e-06,-5.95751966223055e-06,7.70698752070039e-06,0,0,-1.08382494437079e-05,-0.00798218332703847
"kabwe","beta28",1.30194708308675e-06,3.62076414027756e-06,2.28418732212019e-05,-4.62326920923867e-06,5.47634965436888e-06,-1.93073483247263e-06,3.21146751021726e-06,7.09509804750769e-07,-3.24680775121857e-06,-2.09247561381819e-08,3.44293140376634e-06,-6.75159438775443e-06,3.96564973026879e-05,2.46698306304335e-06,1.95160518487094e-06,4.90781654804758e-06,-3.48664814259076e-06,3.53112480876228e-06,-6.39041995519898e-06,1.95240399088222e-05,-0.000109935653674362,0.000231478938131887,-0.000171320195377319,2.18274300167047e-05,4.09199439410368e-05,-6.67191972328814e-06,8.35100144221542e-06,-6.55275069933313e-06,1.38071883599954e-05,-5.42215410463181e-06,1.65071971221726e-06,-1.45869848648363e-05,8.49920887302804e-06,-1.51857480987115e-05,-2.49312053475068e-05,2.1880049526247e-05,-2.32049125131165e-05,2.21419916734157e-05,1.02359927099457e-05,2.93099371572168e-06,4.62107871410119e-06,-6.03005040297406e-06,-1.3881396564145e-05,0,0,-1.2565424104346e-05,0.0125963586308323
"kabwe","beta29",-1.43972577757427e-06,-8.83358025433022e-06,-1.22205571514205e-05,-1.56582939124773e-05,1.1057852378073e-05,-1.7527292517574e-05,1.59722777933138e-05,-1.25981673964596e-05,8.72680307999492e-06,-3.20605184439379e-06,1.15034991981749e-05,4.07770841003052e-07,-5.32449240747244e-05,-4.8896282161578e-06,6.76598471481054e-06,-1.00077905616338e-05,1.06350569675197e-05,3.96102050343295e-06,-1.05535434948762e-06,8.09405375802645e-06,2.23032966676978e-05,-0.000171320195377319,0.000306469665343819,-6.63955111085996e-06,-0.000179510137460471,4.73363473319447e-05,-6.53298126771299e-06,3.85348631243332e-06,1.32242069142594e-05,-4.85400995678903e-06,1.47268308263033e-05,8.50712811141841e-06,8.53433114846613e-06,1.46632333414585e-05,1.81036426597599e-05,1.25923705124862e-05,2.97828632169011e-05,-2.52493953425595e-05,1.42162720480318e-05,-1.56677997008493e-05,5.4435216059556e-06,3.93861753595295e-06,1.25143743079669e-05,0,0,-5.60784745975814e-05,-0.0101139682802895
"kabwe","beta3",-5.50609797275237e-05,3.21336911908871e-06,-2.99721947609511e-06,2.99935199344836e-05,-7.06244648636054e-06,-1.94123784743426e-05,1.13976170042463e-05,3.08876838200444e-05,-9.43536759305963e-06,-4.77127335880616e-05,2.71117892911894e-05,-9.67955561996108e-06,-1.73949718453774e-05,1.94060883164692e-05,-1.36763955068421e-05,-4.05298295965582e-06,1.30176821303385e-05,-1.43628231332909e-05,1.79300854923449e-05,-6.79169585296992e-06,-4.93153683474934e-06,2.18274300167047e-05,-6.63955111085996e-06,0.000684108376131774,-2.31156279345272e-05,2.45725671883761e-05,-5.02452049693935e-06,-1.0609264899838e-05,2.67150204683555e-05,-7.46400067823127e-06,-9.94402484731353e-06,2.62534656359281e-05,-3.58035853739691e-05,5.82184494841457e-05,-0.00024355743966439,-3.04959752582892e-06,-3.32242300485987e-05,4.80611374506916e-05,9.74526544421597e-06,-8.52193678995358e-06,1.36884740248275e-05,-1.85379742853263e-05,1.19824189466162e-06,0,0,-5.6563199576468e-05,0.0978877475388695
"kabwe","beta30",-9.17219646370181e-06,7.29570699884787e-06,1.13503797562603e-05,2.52820357312774e-06,-1.52214602929903e-05,3.15656678492473e-05,-1.2667890504991e-05,7.87983075794042e-06,-1.12542542688733e-05,5.97783369893801e-06,-1.14121019014002e-05,8.48138482404707e-06,1.81557113080027e-05,-1.55025365327794e-06,5.99976941159713e-06,-6.10383799456962e-06,4.22805815248238e-06,-1.30186320735895e-06,-4.01327372571457e-06,9.39369171217245e-06,-9.43383063457014e-06,4.09199439410368e-05,-0.000179510137460471,-2.31156279345272e-05,0.000279083176564093,-0.000189450703501553,5.83242982520972e-05,-1.31941826636738e-05,-8.50569011698938e-06,1.40703149657598e-05,-1.92177177257369e-07,9.03058121796056e-07,-7.71075365410373e-06,-4.23688389415613e-06,1.45824445799252e-05,3.83061599231965e-06,-1.68353008083758e-05,6.73609161700413e-06,-1.84729162037279e-06,3.29804971677903e-07,-1.09458694326605e-05,1.62981251506673e-05,-1.46313441208508e-05,0,0,-6.54047194567551e-06,0.00332191833002223
"kabwe","beta31",9.97328276728497e-06,-2.81855258117022e-06,-1.78626856223338e-05,1.05352236415381e-05,8.2027237056709e-06,-5.49224090557232e-06,-2.0972597262696e-05,1.98413922153968e-05,-1.42245910501549e-06,-1.40985725988184e-05,1.27451372743507e-05,5.78056651259747e-06,7.00096910061051e-06,-3.66014283471503e-06,-4.7843931515575e-06,1.98835764965561e-05,-1.84131130267955e-05,7.94681613239358e-06,1.19863976417574e-05,-8.45891919813105e-06,1.54094724149055e-05,-6.67191972328814e-06,4.73363473319447e-05,2.45725671883761e-05,-0.000189450703501553,0.000303846191307229,-0.000179873787819732,6.69687535800784e-05,-6.61345606969999e-06,1.06948683772021e-05,-1.54929115544651e-06,8.35783603960489e-06,8.52773422082857e-06,8.12344470494103e-06,-5.91022889168196e-06,1.18631728953755e-05,-8.92978400236314e-06,1.11304274713832e-05,-3.07158082229111e-06,5.85785706801072e-06,-1.9867696032747e-06,-1.00786658010701e-05,1.35692316121343e-05,0,0,-2.21113934451627e-05,0.00296980147672008
"kabwe","beta32",-2.82468763514042e-06,-4.81676007545082e-07,1.07133005600071e-05,8.55809540707238e-06,-1.15034872480765e-05,-1.80721094347137e-06,2.73559338826457e-05,-2.2417360904524e-05,3.2884200546163e-06,1.237110391539e-05,-3.23989545753165e-06,-1.32258890563138e-05,-1.99775928399503e-05,1.21032029818063e-05,6.23107893574679e-06,-1.48274615142155e-05,1.8987862088432e-05,-9.05662269327318e-06,3.42690698636332e-06,5.66248335620675e-06,-6.32068304600465e-06,8.35100144221542e-06,-6.53298126771299e-06,-5.02452049693935e-06,5.83242982520972e-05,-0.000179873787819732,0.000250361070532462,-0.000178199730541411,6.70974408074905e-05,-1.52653310699296e-05,6.09908211375109e-06,7.71732701440713e-07,-8.6224168907931e-06,3.10755208147e-05,-2.35519788602801e-05,-2.34266750811964e-05,3.20718240392747e-05,-2.52936042295479e-05,-2.7991674372598e-06,-4.90142642872209e-06,1.33430137760684e-05,-7.68451728167113e-06,-7.90584040820735e-06,0,0,-4.10244234097355e-05,-0.0101892695369644
"kabwe","beta33",1.76039944814159e-05,-7.66229315852769e-06,-2.63375853392824e-05,9.1596402227397e-07,1.53302586940803e-05,-2.1359377400069e-06,-1.98496082111782e-05,8.80119437977157e-06,5.74388076676744e-06,3.85044673941456e-06,-1.13581002864035e-05,8.32837401935827e-06,4.81307567862468e-07,-6.89113728432137e-06,-3.64018456411067e-06,1.42929493427457e-05,-1.17681695438423e-05,8.86612150146761e-06,-2.06062418146023e-06,-1.50469398752641e-07,1.15860855672376e-05,-6.55275069933313e-06,3.85348631243332e-06,-1.0609264899838e-05,-1.31941826636738e-05,6.69687535800784e-05,-0.000178199730541411,0.000275885031067749,-0.000182629975659102,6.97436599001605e-05,-1.87524099563996e-05,2.2118530895976e-05,7.32451735947142e-06,-1.35964902780599e-05,3.44593838323794e-05,2.29617370780399e-05,4.24031483515312e-06,5.53554390005512e-07,5.57738746465827e-06,6.35892283260515e-06,-1.72834481408543e-05,1.26799316483383e-05,9.09375225892214e-06,0,0,-2.97616414567444e-05,0.00372575439333846
"kabwe","beta34",-2.07623958171763e-05,7.75981222904048e-06,2.50923531602322e-05,-8.78437509734856e-06,-1.25239456263932e-05,9.32692047433579e-06,-5.20795570357109e-07,5.77265185745192e-06,-8.70067129417176e-06,-1.34374781012407e-05,2.26692446211224e-05,-6.23434604663087e-06,3.91407870112708e-05,1.07698706636238e-05,-1.25260870367249e-06,-1.14805840025558e-05,1.47086653239157e-05,-4.44728070213871e-06,2.37881759592045e-06,7.54568394697115e-06,-8.03800273553968e-06,1.38071883599954e-05,1.32242069142594e-05,2.67150204683555e-05,-8.50569011698938e-06,-6.61345606969999e-06,6.70974408074905e-05,-0.000182629975659102,0.000241219537327497,-0.00013108638545839,5.95856472921601e-05,-1.12592819452916e-05,4.07493846752853e-06,6.85236740431014e-06,-3.42522846877971e-05,2.47802758158596e-05,-5.23357076746092e-06,1.62901361461468e-05,2.74830579574701e-06,-1.13160853717546e-05,1.78196756826086e-05,-1.14854812505093e-05,-5.06949283002481e-06,0,0,-8.7876550444689e-05,0.00976393466758264
"kabwe","beta35",5.73946175631948e-06,-4.09889438805251e-06,-1.15162566465084e-05,8.18931057465761e-06,-5.17689770004467e-06,2.78307134785755e-06,6.03803281757714e-07,6.76031403249903e-07,8.56678671524497e-07,4.99857232824293e-06,-2.19598418804054e-06,2.17725726034005e-06,-3.18290468821999e-05,-5.74955739102423e-06,1.21745453468589e-05,1.34778184163238e-06,-7.65171677798834e-06,7.38443835205095e-06,8.08021340643771e-06,-1.98143526456639e-06,1.20211963004454e-05,-5.42215410463181e-06,-4.85400995678903e-06,-7.46400067823127e-06,1.40703149657598e-05,1.06948683772021e-05,-1.52653310699296e-05,6.97436599001605e-05,-0.00013108638545839,0.000168701476241409,-9.94411320531214e-05,5.91777952448506e-05,8.84600832825918e-08,6.0175639517721e-06,1.61544594322613e-05,1.19370446704576e-05,2.37434674963769e-05,-7.69585400980792e-06,5.97994182107236e-06,-4.79468423529366e-06,-5.54565116656031e-06,1.34623010263685e-05,-7.1439499218037e-07,0,0,-4.62340134251186e-05,-0.00642839414939121
"kabwe","beta36",1.86201036177322e-05,-9.05917621103854e-06,5.66756457046195e-06,4.50406678492331e-06,-6.76717963324104e-06,1.06974895986399e-05,-1.47468932852603e-05,9.72223666754355e-06,-4.41888342789787e-06,-1.82666115111829e-06,2.09492340932298e-06,-2.51093695622233e-06,2.32796813262606e-05,4.76615033319154e-06,-4.0469537177313e-07,-2.00049631695556e-06,3.4269140658124e-06,1.01314639740898e-06,-4.26832132777218e-06,9.64033760459036e-06,-1.05882011361793e-05,1.65071971221726e-06,1.47268308263033e-05,-9.94402484731353e-06,-1.92177177257369e-07,-1.54929115544651e-06,6.09908211375109e-06,-1.87524099563996e-05,5.95856472921601e-05,-9.94411320531214e-05,0.000145203377853525,-0.000121337128858279,4.79876625592106e-05,8.31240475270581e-06,-1.02226277671667e-05,2.71944629911723e-07,2.83490418228105e-06,9.30956711438219e-06,1.5512963724923e-06,1.27584512032045e-06,8.70573329435507e-06,-1.23409999714893e-05,-1.90849842303387e-06,0,0,-4.36632933573161e-05,-0.000825832589668379
"kabwe","beta37",-3.06961958737349e-05,9.55275551987814e-06,-1.59124144151502e-05,7.24508803626038e-06,-5.19701640419155e-06,8.1818626701096e-07,-5.03555612025504e-07,-1.27147410043693e-06,-1.60323110620617e-06,6.0332578269821e-08,1.4069061884449e-05,-1.37589207405522e-06,-2.80708448393879e-05,-1.05105275733279e-06,3.44612072457285e-06,-4.56556282404023e-06,5.59026363229764e-06,-2.66064249300737e-06,8.42971499296882e-06,-4.22346591248093e-07,1.75460711003822e-05,-1.45869848648363e-05,8.50712811141841e-06,2.62534656359281e-05,9.03058121796056e-07,8.35783603960489e-06,7.71732701440713e-07,2.2118530895976e-05,-1.12592819452916e-05,5.91777952448506e-05,-0.000121337128858279,0.000231915891405574,-0.00014162969523839,7.16463027611937e-05,1.99978039351801e-05,8.81347245696521e-06,1.46391482774646e-05,1.07560509031442e-05,-6.09928435036939e-06,-6.82520934796133e-06,-1.87498838225484e-06,7.78238470529385e-06,8.25851773575998e-06,0,0,-0.000132002497579606,0.00398609211159838
"kabwe","beta38",3.21403948944403e-05,-1.15918564760007e-05,7.98622878174135e-06,-4.78739636327316e-06,-3.05022315839007e-06,1.81514362695198e-06,-1.11956096910287e-05,8.16787940264377e-06,1.22800723917111e-06,-7.01365424089783e-07,-1.95846265562283e-06,4.34761961422975e-07,3.23272372855291e-05,1.17910848951182e-05,-1.24451574521201e-05,3.96078977600237e-06,5.47231109580684e-06,3.61604095111095e-06,-4.99349502896866e-06,9.48978726253551e-07,-8.83783643990523e-07,8.49920887302804e-06,8.53433114846613e-06,-3.58035853739691e-05,-7.71075365410373e-06,8.52773422082857e-06,-8.6224168907931e-06,7.32451735947142e-06,4.07493846752853e-06,8.84600832825918e-08,4.79876625592106e-05,-0.00014162969523839,0.000291766740595886,-0.000302135461938719,-8.63120013095478e-07,7.98018068942831e-05,1.0729618110009e-06,7.21356972133513e-06,5.70115035471849e-06,1.25734704385071e-05,-1.83937211844422e-05,8.61409816271461e-06,-2.8402681444011e-06,0,0,2.29481919606962e-06,-0.00218624439515352
"kabwe","beta39",-1.52387237748465e-05,-3.78503513699232e-06,-2.44054289608432e-05,1.81131397850748e-05,-1.28419940939368e-06,4.4948268912866e-06,1.29144226844398e-05,-1.88657359650617e-05,-9.14501890857095e-06,2.70031268526851e-05,-3.03106480935256e-06,1.84861203435073e-06,-1.479901122521e-05,-1.36562800257572e-05,3.39142979635335e-05,-1.14270997423157e-05,-6.28181410148739e-06,-7.0023854390511e-07,2.95908712723896e-06,8.55731163163463e-06,6.44984775240566e-06,-1.51857480987115e-05,1.46632333414585e-05,5.82184494841457e-05,-4.23688389415613e-06,8.12344470494103e-06,3.10755208147e-05,-1.35964902780599e-05,6.85236740431014e-06,6.0175639517721e-06,8.31240475270581e-06,7.16463027611937e-05,-0.000302135461938719,0.000664758587018767,-2.72803907238435e-07,-0.000353082354080351,0.000106775815318647,-3.54359756191797e-05,1.54606523548657e-05,-3.25605707391335e-05,3.76674018914349e-05,-1.54910452020924e-05,1.82489088807235e-06,0,0,-0.00017716280365007,0.00780883554998824
"kabwe","beta4",8.7647842476725e-06,-4.07825510102653e-08,-1.15873119379245e-05,-4.46814550156888e-06,-1.51723150346747e-05,1.10253364737217e-05,-1.77376112782388e-06,-1.59179350720061e-05,4.57540765950099e-07,2.9540947619046e-05,-3.26571209141156e-06,5.32962185787342e-07,-6.94788938464647e-05,-1.77324101972526e-05,1.29872543674072e-05,-7.68856905827699e-06,5.88230527117101e-06,9.01962804054028e-06,-2.28143038814148e-05,1.25639409437933e-05,1.2160107348304e-06,-2.49312053475068e-05,1.81036426597599e-05,-0.00024355743966439,1.45824445799252e-05,-5.91022889168196e-06,-2.35519788602801e-05,3.44593838323794e-05,-3.42522846877971e-05,1.61544594322613e-05,-1.02226277671667e-05,1.99978039351801e-05,-8.63120013095478e-07,-2.72803907238435e-07,0.000518705396862733,-2.39463237658498e-05,-2.57044214494717e-06,-1.57382407827534e-05,-0.000109078188912617,4.55126852209294e-06,-1.39809737056149e-05,1.34619399166625e-05,2.54825815135678e-06,0,0,5.95974483859756e-06,0.0162891857046847
"kabwe","beta40",8.86396848284327e-06,5.33927803431315e-06,1.0937764900037e-05,-1.23275184284465e-05,1.93145290549351e-05,-7.66569478455802e-06,-1.41876575404492e-05,2.68702363417669e-05,-3.26946871440567e-06,-1.9660993336366e-05,3.04596772926298e-06,6.63175439019441e-06,1.2702905079634e-05,-1.5111299198956e-07,-3.40613987436278e-06,-1.11741164257036e-05,2.21363106461884e-05,-4.76111772730044e-06,1.92290065054616e-05,-1.1519591986233e-05,-4.42333281579718e-06,2.1880049526247e-05,1.25923705124862e-05,-3.04959752582892e-06,3.83061599231965e-06,1.18631728953755e-05,-2.34266750811964e-05,2.29617370780399e-05,2.47802758158596e-05,1.19370446704576e-05,2.71944629911723e-07,8.81347245696521e-06,7.98018068942831e-05,-0.000353082354080351,-2.39463237658498e-05,0.000572072823093426,-0.000292958050367574,8.83704232464812e-05,2.94542880965593e-05,-4.57123863409808e-06,-1.90334744285619e-06,5.576572567925e-06,-5.61174836486454e-06,0,0,-0.00013281347574787,0.00567197239347034
"kabwe","beta41",2.21965208379e-05,-5.50970499836956e-06,2.01477616781377e-06,1.84985320088668e-05,-3.60368637085437e-05,1.26878058844039e-05,4.77766564424278e-06,-1.00024673751844e-05,1.33521729423838e-05,-1.00270560102958e-06,3.2095499412399e-06,-1.56455643031432e-05,-5.19027998857781e-05,1.28580189317513e-05,6.81577896213861e-06,9.04445988047247e-06,-1.80966333628153e-05,1.41530473440577e-05,-1.03798290518426e-05,2.4201829754666e-05,9.84848889011258e-07,-2.32049125131165e-05,2.97828632169011e-05,-3.32242300485987e-05,-1.68353008083758e-05,-8.92978400236314e-06,3.20718240392747e-05,4.24031483515312e-06,-5.23357076746092e-06,2.37434674963769e-05,2.83490418228105e-06,1.46391482774646e-05,1.0729618110009e-06,0.000106775815318647,-2.57044214494717e-06,-0.000292958050367574,0.000480672013087949,-0.000290699463967416,-2.81321289216334e-05,2.37624465971689e-05,-4.36623667446786e-06,-5.25164472027758e-06,5.77416683647093e-07,0,0,-4.25822456902846e-05,-0.0227000073987456
"kabwe","beta42",-2.93901471321083e-05,1.36102213531571e-05,2.65416613134655e-06,-4.74573281842089e-06,1.80853117118517e-05,-1.35837096436584e-05,-1.16802696152833e-05,4.03679874581974e-05,-3.33994214357769e-05,4.29864914252566e-06,-1.54802357707281e-05,3.49285478722002e-05,6.32905415977408e-05,-2.73745461819641e-05,1.37373518412768e-05,-2.43341932172834e-05,2.2437021481926e-05,-1.05775755075689e-05,1.04209790862858e-05,-2.18639339453863e-05,1.25894169165731e-05,2.21419916734157e-05,-2.52493953425595e-05,4.80611374506916e-05,6.73609161700413e-06,1.11304274713832e-05,-2.52936042295479e-05,5.53554390005512e-07,1.62901361461468e-05,-7.69585400980792e-06,9.30956711438219e-06,1.07560509031442e-05,7.21356972133513e-06,-3.54359756191797e-05,-1.57382407827534e-05,8.83704232464812e-05,-0.000290699463967416,0.000577211551030658,1.86113332151005e-05,-3.18765912570476e-05,1.13567917783829e-05,3.1490043033509e-06,-1.60120763332065e-06,0,0,-9.77108201986912e-05,0.0216662479580202
"kabwe","beta5",8.53340185621582e-06,7.08811584252262e-07,1.42835945557568e-05,-7.39291279631871e-06,1.47819780100388e-05,-1.31255214729835e-05,1.01326706173555e-05,-1.37314167102694e-05,2.85672144489969e-06,-5.19087557622308e-06,4.35960114764464e-06,3.57667313403593e-06,2.45466439849218e-05,-7.0417780656756e-06,1.03959343054232e-05,-8.10205096525809e-06,6.88925943451953e-06,6.17403573380832e-07,-7.30966577023695e-06,8.46414522345401e-06,-1.43013733240375e-05,1.02359927099457e-05,1.42162720480318e-05,9.74526544421597e-06,-1.84729162037279e-06,-3.07158082229111e-06,-2.7991674372598e-06,5.57738746465827e-06,2.74830579574701e-06,5.97994182107236e-06,1.5512963724923e-06,-6.09928435036939e-06,5.70115035471849e-06,1.54606523548657e-05,-0.000109078188912617,2.94542880965593e-05,-2.81321289216334e-05,1.86113332151005e-05,0.000229599628642394,-9.09417628771289e-05,1.43905806279921e-05,6.00844810836355e-06,-1.68917235859138e-05,0,0,-3.64421685874645e-05,0.0207344629042279
"kabwe","beta6",3.11994027324218e-06,5.29247729210781e-06,-1.71425896781928e-05,8.80394162915909e-06,-3.46341970626184e-06,1.3017349346905e-06,4.82880662867035e-06,-2.0527176346943e-06,-3.42722060412292e-06,8.95272987959511e-06,-9.43098474222134e-06,-9.27061201919699e-07,-2.32592382833033e-05,1.81048061360085e-06,2.12033678193344e-08,1.84591942005884e-06,-8.17399390579324e-06,1.79876448777269e-06,5.81692975550978e-06,-7.6133512020673e-06,3.01022064085654e-06,2.93099371572168e-06,-1.56677997008493e-05,-8.52193678995358e-06,3.29804971677903e-07,5.85785706801072e-06,-4.90142642872209e-06,6.35892283260515e-06,-1.13160853717546e-05,-4.79468423529366e-06,1.27584512032045e-06,-6.82520934796133e-06,1.25734704385071e-05,-3.25605707391335e-05,4.55126852209294e-06,-4.57123863409808e-06,2.37624465971689e-05,-3.18765912570476e-05,-9.09417628771289e-05,0.000132986103986888,-8.71607974927935e-05,1.53872725460372e-05,8.12482563203673e-06,0,0,5.64727036846449e-06,-0.0105256344166037
