"region","name","alpha_D","beta1","beta10","beta11","beta12","beta13","beta14","beta15","beta16","beta17","beta18","beta19","beta2","beta20","beta21","beta22","beta23","beta24","beta25","beta26","beta27","beta28","beta29","beta3","beta30","beta31","beta32","beta33","beta34","beta35","beta36","beta37","beta38","beta39","beta4","beta40","beta41","beta42","beta43","beta44","beta45","beta46","beta47","beta48","beta5","beta6","beta7","beta8","beta9","p_G_D","start_date"
"kabwe","alpha_D",0.00670097743025187,-0.000132106183242854,-0.000209109974356638,-0.000388421945050754,-7.03633758695607e-05,0.000313444775112152,0.000387247894527221,0.000166334695577833,-0.000458148883283741,1.1593633423842e-05,-0.000128969050200919,-5.18187389426574e-05,-0.00040372291324371,-0.000375606766269724,-0.000111439697396175,0.00101300832496769,-0.000322914570783448,1.39463842585641e-05,0.00020826860164248,1.67008758511e-05,-0.00070354104615448,9.33980313349622e-05,0.00029549810410709,-6.21969029313533e-05,-0.000204618270878909,0.000193418000635146,0.000509567577732205,-0.000896946093001241,0.000353684037538792,0.00137631240772743,-0.000161443722577335,-0.000375535051191769,-0.000931320069365656,-0.000358588927011851,0.00027782850015869,-0.000100487406222985,-0.000218937059322018,-0.000422174401086998,0.000120602783107897,-8.33059779246778e-05,6.05799480198616e-05,3.32175374091258e-05,-7.56060818646934e-05,-0.00017701891775789,0.000170742062275251,-2.14866667646824e-05,-6.17279005937601e-05,0.000175138954075154,-0.000576070646438487,-0.00254868456890643,-0.152613690859754
"kabwe","beta1",-0.000132106183242854,8.95524750240636e-05,-1.34675720842486e-05,-7.99329046342481e-06,3.39836859552895e-05,-2.56096560873922e-05,-2.43324493231948e-06,-5.74788511656631e-06,4.52305806873561e-06,1.64879866749627e-07,1.77524469543728e-06,2.07437677223182e-05,0.000208355087022378,-2.61340425345894e-05,2.45923250330568e-07,2.39700146791243e-05,-1.6669604513053e-05,-2.50617259492415e-05,-1.89218893455479e-06,-1.46787325021704e-05,3.91438594214598e-05,4.39985614542857e-05,-3.66470632096939e-05,1.30648689988782e-05,2.80692879794566e-05,-3.87336546200713e-05,-6.05928893711273e-05,5.37321746902274e-05,2.43179334443077e-05,-0.000115992780607215,4.48901537496929e-05,1.31254582952918e-05,-3.06659002626923e-05,-6.29958027410009e-06,-9.35002293469418e-06,7.18848473115978e-06,2.06519092879929e-05,-3.75217009782709e-05,-5.0757937307715e-06,-4.09631760735023e-06,9.22174489873219e-06,2.70481928860216e-05,9.60494123653889e-06,-1.33265277921612e-05,-2.8919938647467e-09,1.23017334693197e-05,2.08310215229746e-05,1.0525229072151e-05,1.9281624620903e-05,0.00025979250926289,0.0503007402696234
"kabwe","beta10",-0.000209109974356638,-1.34675720842486e-05,0.000337369813724507,-0.000106377265134016,-2.41086627492924e-05,-6.60244932119204e-06,-7.57904874655166e-05,1.34570799517017e-05,2.50581438992518e-05,3.19914234728727e-05,-2.3966474142313e-05,-6.56979762658877e-07,8.88434639476045e-05,-3.63092939966739e-06,1.98143808588225e-06,-1.41331395165097e-05,-5.69351921203129e-05,3.41782586368368e-05,-3.1908059920277e-05,5.62426795420156e-06,-1.96298587934754e-05,-4.02537602249371e-05,-5.87431835662605e-05,9.25162592627721e-06,0.000118752904475051,1.62965239156913e-05,-5.36313660226287e-05,3.83202679932748e-06,-1.30940473350361e-06,-5.80089638861765e-05,6.03335519779711e-05,7.5261615349894e-05,-6.82085390174425e-05,-1.86895909817433e-05,-2.61063986195451e-05,-1.894696392112e-05,3.33405163053915e-06,8.44069476457773e-05,4.55999975121528e-05,2.21321475302542e-05,-5.70259099853314e-06,-6.52751141975516e-06,2.4546580409072e-05,1.80405785725355e-05,-3.01362801982085e-05,7.29053550754869e-05,8.52366170361772e-06,-1.92405688759609e-05,-0.000103121547764099,0.000279123225654411,0.0375111423516962
"kabwe","beta11",-0.000388421945050754,-7.99329046342481e-06,-0.000106377265134016,0.000237733531183772,-3.33908594483742e-05,-5.10491567515825e-05,-5.50410940860076e-05,-2.39227171578211e-05,9.22487919974071e-05,-5.28738140726233e-05,2.02081344561392e-05,4.99394633426082e-05,-0.000364153049079529,6.17356743350742e-05,-3.58096723900712e-05,-0.00013746328318619,0.000153680110434698,1.04210837639364e-05,-2.07610690827528e-05,-1.29827424440014e-05,6.53712411244115e-05,-1.64142619285165e-05,0.000106281597164956,-3.5576449404225e-06,-0.000107167887523068,-1.34346505124311e-05,-7.7341836153249e-05,0.000133655737192364,4.93599141474371e-05,-0.000110833810454618,-7.29808047751897e-05,4.25577860234975e-05,0.000204093757479996,6.44097210632062e-05,-6.74787017038008e-05,1.53581244055481e-05,1.44495046284848e-06,7.13314946420873e-05,-4.24409328802426e-05,2.0770672578802e-06,-4.24909721886845e-05,-2.48660989019877e-05,1.85416985416147e-05,9.39597442023547e-05,3.86878081330681e-05,1.88833591773312e-05,-6.80623227593286e-06,-4.18724393559171e-05,-2.94844798611679e-05,0.000346920168008297,-0.0533935737493126
"kabwe","beta12",-7.03633758695607e-05,3.39836859552895e-05,-2.41086627492924e-05,-3.33908594483742e-05,0.000212151931786869,-6.64011135313468e-05,1.16407514914559e-06,-1.2923425750635e-05,1.43555305502855e-05,-6.25738560913943e-05,-3.89016783892474e-05,4.79934740035413e-05,0.000285494674253948,4.29509239957423e-05,-2.63822225611233e-06,-4.92087172694615e-05,6.49375290768189e-05,-3.1702868278038e-05,-1.60175271452637e-05,-6.0524400239367e-06,5.67118798708222e-05,2.50064289759809e-06,4.21379716660362e-05,5.85875394565395e-06,-2.63302015106492e-05,-3.94720595147852e-05,-3.45548843435455e-05,4.86664147756433e-05,6.26239887355371e-05,-0.000166231898550356,-4.20248123845719e-05,5.44662901488594e-05,0.000114307527432396,3.75881561413105e-05,-1.63504278331595e-05,1.99603145977174e-05,1.80220760429255e-05,1.83111242021793e-05,1.99640670646083e-05,8.917887730346e-06,2.19517030326922e-05,2.16219794066916e-05,-8.33556988773125e-05,-1.04828266808021e-05,-2.19582007521252e-05,3.48852094399479e-05,-3.18656866023356e-05,1.06456429278547e-05,-6.43766139589048e-05,0.00106336214766261,0.018981195071277
"kabwe","beta13",0.000313444775112152,-2.56096560873922e-05,-6.60244932119204e-06,-5.10491567515825e-05,-6.64011135313468e-05,0.000278819554644138,-4.3956514290356e-05,-7.93910369188989e-06,-2.53638776439588e-05,-3.16460556912852e-05,-4.25584012140097e-05,-5.74279442797708e-05,-0.000294024849093224,-1.62466838033977e-05,6.6144116262188e-05,-5.46634017973834e-06,2.4222742122936e-06,-4.74373503646076e-05,6.85134730171736e-05,5.02529930828829e-05,-0.0001025619113296,-5.71532827132298e-05,-3.84226887410676e-05,-4.05591970362747e-05,-0.000125589644898766,7.76978911477328e-05,0.000146229815354086,-0.000170272653925664,1.29984946719243e-05,0.000222611563721702,-1.22213843101257e-05,-5.61721206550169e-05,-0.000149692949182983,-5.80129375650964e-05,8.26058626030099e-05,3.4480728637156e-05,2.13334029144455e-05,-2.04168933249072e-05,5.31635177324351e-05,1.06887947135651e-05,-9.33338186410509e-06,-1.6977628484788e-05,-3.82947381928721e-06,-2.25173723274785e-05,4.85691348437483e-05,1.4448670599232e-05,-6.25049518948134e-05,-5.7014498086192e-05,-1.71468858072174e-05,-0.000379050713100079,-0.021449146388458
"kabwe","beta14",0.000387247894527221,-2.43324493231948e-06,-7.57904874655166e-05,-5.50410940860076e-05,1.16407514914559e-06,-4.3956514290356e-05,0.000304423278291029,-6.22970560146088e-05,-0.000125398703276576,2.56385005873701e-05,-4.23196625559891e-05,-2.22672354779745e-05,-3.76328404980575e-05,-1.59990798480055e-05,2.39632175584335e-05,0.000118917121624939,-9.38887722159051e-05,1.31356910358037e-05,4.34218060069212e-05,2.53729422467143e-05,-9.9410455850335e-05,0.000135390543638395,-8.79087079883204e-05,1.16308080636285e-05,2.82364901790087e-05,1.90617378866607e-05,-1.33621051724082e-05,-3.186543150578e-05,1.99690113570895e-05,4.21793557079531e-05,2.10164945331516e-05,-5.82359109196519e-05,-0.000144037268245284,-5.41310530687133e-05,3.49643047890732e-05,-1.32310312396102e-05,-3.43119970600591e-05,-7.87265534328551e-05,-3.52375573941933e-05,-2.2984422217561e-05,7.79703289653033e-05,2.42119714228566e-05,-3.78795534505569e-05,-2.92719864062854e-05,6.5810825307323e-05,-4.16736253419122e-05,-4.5738258853191e-05,5.57102104850176e-05,-2.58591303974998e-05,-0.000256053791561097,0.0105345602724616
"kabwe","beta15",0.000166334695577833,-5.74788511656631e-06,1.34570799517017e-05,-2.39227171578211e-05,-1.2923425750635e-05,-7.93910369188989e-06,-6.22970560146088e-05,0.000320917544060162,-0.000181760486316537,-1.89738191859394e-05,-3.34799440046816e-05,-2.79227454970122e-05,-0.0010080720729757,-3.98771034127376e-05,5.70337801896957e-05,-1.15246637039042e-05,5.28958198577623e-06,-4.47330952415553e-06,1.0710733718394e-05,-1.69144210187828e-06,-4.25857393949853e-06,-3.23325722676483e-05,-8.00683099242124e-05,-3.74197563701072e-05,0.000128976759216353,1.42545160331846e-05,3.17743728790862e-05,-9.26473052635665e-05,-9.5987207131339e-06,0.000107718962068271,-2.44833248137354e-05,-1.31755994997072e-05,-0.00020197601610032,-1.93430919776165e-05,3.29372640340533e-05,2.03241546933226e-05,1.05744837103166e-05,5.63171726739232e-06,-3.36665418136238e-05,-5.7438007014348e-06,5.35838194835178e-05,-2.98865547003431e-05,1.41258201643799e-06,4.96742096876902e-05,-2.43291594364588e-05,3.67768241857058e-05,4.18713577047102e-05,1.67426174312479e-05,-2.84297611182556e-05,-0.000649252828400301,-0.0352841790237
"kabwe","beta16",-0.000458148883283741,4.52305806873561e-06,2.50581438992518e-05,9.22487919974071e-05,1.43555305502855e-05,-2.53638776439588e-05,-0.000125398703276576,-0.000181760486316537,0.000404196546738887,-0.000112420431790024,-3.70574871832022e-07,4.80855240216003e-05,0.000966947124242802,0.000109485281256086,-5.02966668517952e-05,-0.000101643517721797,5.96394713263187e-05,5.38227032107547e-05,-6.62031569915323e-05,-3.81074561512268e-05,8.36765855254176e-05,-5.95538383960502e-06,0.000153296888668672,5.12876805023667e-05,-0.000160690068045766,5.09036208035011e-05,-6.79733820423394e-05,0.000132621603669249,2.7161792365424e-05,-0.00019787920385325,-2.24540380125572e-05,4.33833731733464e-05,0.000444046472276292,0.000104661732986616,-6.82160169753885e-05,-2.53258972965805e-05,1.30366223488693e-05,9.3124634888509e-05,1.19841787468633e-05,1.67609195108742e-05,-0.000134963540395609,2.34858093936656e-05,1.28007586242377e-05,-4.14707958713552e-06,3.04765106416843e-06,1.68719573242198e-05,-5.42647158134782e-05,-8.70322877036628e-05,-1.98313022594226e-05,0.00151680210200277,0.00249824536030304
"kabwe","beta17",1.1593633423842e-05,1.64879866749627e-07,3.19914234728727e-05,-5.28738140726233e-05,-6.25738560913943e-05,-3.16460556912852e-05,2.56385005873701e-05,-1.89738191859394e-05,-0.000112420431790024,0.000374865493153239,-2.43214974678195e-05,-0.00011622441087041,0.00100889685446163,-0.000114660179110033,6.42439577693176e-05,4.13770903160608e-05,-0.00013821736216152,5.21585439681929e-05,-7.74472902754819e-06,-1.91483975308168e-05,5.47883762268594e-05,-0.000104707094615807,6.55805065210614e-05,-1.48325038695301e-05,-3.59095294707124e-05,2.68516043195937e-05,-6.28202231143105e-05,2.15120999653965e-05,-0.000133627348977901,0.000144425995322977,-0.000117566034104448,0.000144372996639783,0.000159252906295981,-3.65227025084444e-05,-3.37908291703527e-05,-2.26873175812131e-05,-3.49524992709179e-05,-8.34480031084602e-05,-0.000100152741089238,-3.79135055183923e-05,-5.14231109240846e-07,2.85697474470973e-05,4.81941028815653e-05,-1.10331466291161e-05,4.78161702213714e-05,-5.51520718403079e-05,1.18843799134331e-05,-9.64020668471888e-05,-3.98839802900328e-06,-0.00139532071596763,0.0246225281264016
"kabwe","beta18",-0.000128969050200919,1.77524469543728e-06,-2.3966474142313e-05,2.02081344561392e-05,-3.89016783892474e-05,-4.25584012140097e-05,-4.23196625559891e-05,-3.34799440046816e-05,-3.70574871832022e-07,-2.43214974678195e-05,0.000308391616565725,-0.000139982604494933,0.000535638419065766,-6.24488860943407e-05,2.88404734131244e-05,6.72749739170448e-06,-5.32204203203418e-05,5.00750700588097e-05,1.88051402582853e-06,-3.95372027928478e-05,4.45831114167041e-05,1.40555313750917e-05,1.31644720924113e-05,3.79830744056286e-05,1.41738732847989e-05,-4.77666630129566e-05,7.55476770797891e-06,3.67336713872455e-05,-7.74055103036086e-05,5.40940050316318e-05,8.04404511646286e-05,2.55031445721984e-05,0.000161809391979097,8.1802097443989e-05,-3.8212478209668e-05,-3.51217156220997e-05,-1.97395886496144e-05,-3.90714808523677e-05,3.43406217414632e-05,-1.76086203995865e-05,2.38540831021909e-06,1.90370338571614e-05,3.99612439779808e-05,4.59759341945511e-06,-9.93172841331574e-06,-1.70472342564433e-05,1.38469087365789e-05,-2.51289961680205e-05,6.08563865768211e-05,-0.000874774931697548,0.0130949571601334
"kabwe","beta19",-5.18187389426574e-05,2.07437677223182e-05,-6.56979762658877e-07,4.99394633426082e-05,4.79934740035413e-05,-5.74279442797708e-05,-2.22672354779745e-05,-2.79227454970122e-05,4.80855240216003e-05,-0.00011622441087041,-0.000139982604494933,0.000333232183649707,-0.000733297641222493,4.03215162970221e-06,-0.000171561508285227,4.36818358664068e-05,0.000181121202400141,-0.000106809033715535,-3.01799754101095e-05,-4.08273546282694e-06,7.49009198997763e-05,1.7209617681214e-05,8.13415584429869e-06,1.62621352371203e-05,1.68731152563775e-05,-7.88114634835466e-05,-3.41839866863744e-05,6.00451912442246e-05,0.000124816724984932,-0.000189465861161191,-1.29740115573663e-05,-4.57507149635404e-05,-0.000190971361180609,-5.07669613697886e-05,1.5544025493371e-05,2.2360254430181e-05,3.71863197494953e-05,7.95573033093645e-05,2.82292496007618e-05,2.53396139355565e-05,-1.43528445455776e-05,-2.42571059247097e-05,-3.58731890280541e-05,-2.5099396283088e-05,-8.32535157045245e-05,-1.64042889838811e-05,3.26616255357147e-05,7.71079457820004e-05,3.73576441484684e-05,0.00117212957111066,-0.0183478625751291
"kabwe","beta2",-0.00040372291324371,0.000208355087022378,8.88434639476045e-05,-0.000364153049079529,0.000285494674253948,-0.000294024849093224,-3.76328404980575e-05,-0.0010080720729757,0.000966947124242802,0.00100889685446163,0.000535638419065766,-0.000733297641222493,0.0339795602790366,-0.000672132302785044,0.00186851640324571,-0.00122091116218111,-0.000860711202142167,0.000449612959870806,-0.000355068938267005,-0.000336977941359771,0.000673188030631307,-0.000467949310425686,0.00225448803645386,0.00150503106240098,-0.00179869912704556,0.000411087365038919,-0.00175141003816138,0.0016159359442704,-0.000772523675646285,-0.000606918694001128,0.000734137842467212,0.00231086597526571,0.00690098511087753,0.000820038964523324,-0.000979703442099485,-0.00065710225691323,-0.000520830047243159,-0.000989854837269499,0.000126401710552896,-1.47509329980682e-05,-0.000241852706834636,0.000995071351411412,-0.000134639105828439,-0.000347938935984529,-0.00101631007201092,-0.000183787037653113,-0.000791288616052139,-0.000984266164712032,-0.000139852665003098,0.00673362182670969,1.54229683861084
"kabwe","beta20",-0.000375606766269724,-2.61340425345894e-05,-3.63092939966739e-06,6.17356743350742e-05,4.29509239957423e-05,-1.62466838033977e-05,-1.59990798480055e-05,-3.98771034127376e-05,0.000109485281256086,-0.000114660179110033,-6.24488860943407e-05,4.03215162970221e-06,-0.000672132302785044,0.000300198477764086,-0.000135654595422627,-0.000101547217979377,0.00010040324525836,2.18075729365233e-06,-2.75293492628313e-05,3.45615178761107e-05,-5.13036786412137e-05,3.83709241528292e-05,3.01990400030958e-05,-3.64152466447408e-05,3.24980036443222e-05,-1.61153315037861e-05,2.3450364344509e-05,5.30616145152366e-05,7.7761905519219e-05,-0.000223207126977024,3.46882054695306e-05,-6.42816677002212e-05,-1.46535393946396e-05,3.33630646818163e-05,-3.00129450749932e-05,-5.30052000073552e-06,1.5549168857547e-05,8.04924292361954e-05,2.69127898386613e-06,3.12103151627196e-05,-2.67089138651091e-05,-4.45259332066775e-05,-9.14018445114145e-06,-6.15065975102102e-07,2.68981904984343e-05,-5.45699204141995e-06,-6.93702891618967e-06,4.55841016383689e-05,7.64241862440736e-06,0.00121943444503673,-0.0571633996832463
"kabwe","beta21",-0.000111439697396175,2.45923250330568e-07,1.98143808588225e-06,-3.58096723900712e-05,-2.63822225611233e-06,6.6144116262188e-05,2.39632175584335e-05,5.70337801896957e-05,-5.02966668517952e-05,6.42439577693176e-05,2.88404734131244e-05,-0.000171561508285227,0.00186851640324571,-0.000135654595422627,0.000461406852424748,-0.000276577226717029,-9.98750543081915e-05,5.61911127199086e-05,3.04572276125761e-05,1.57079767874262e-06,-5.11702316571789e-05,-7.66394356956683e-06,5.53782168115183e-05,7.91950302421408e-05,-8.65326247017931e-05,4.78262509897504e-05,-3.09704820114388e-05,3.60644476563735e-05,-0.000148918608878289,9.73010086644084e-05,0.000153710969127157,7.95196114306497e-05,0.000478804573859193,6.45840717716411e-05,-4.49698366603328e-05,1.66419481173532e-05,-8.35519174650825e-06,-5.88751866551857e-05,2.05045916231939e-05,1.00033950737017e-05,6.98396500554794e-05,8.84448401707814e-06,-1.86145444853782e-05,7.75438308578395e-05,8.39354414921298e-06,2.30768298930719e-05,-7.21556446295991e-05,-7.00005387098124e-05,-5.65275683398647e-05,-0.000224556603898222,0.0964095428733776
"kabwe","beta22",0.00101300832496769,2.39700146791243e-05,-1.41331395165097e-05,-0.00013746328318619,-4.92087172694615e-05,-5.46634017973834e-06,0.000118917121624939,-1.15246637039042e-05,-0.000101643517721797,4.13770903160608e-05,6.72749739170448e-06,4.36818358664068e-05,-0.00122091116218111,-0.000101547217979377,-0.000276577226717029,0.000740791011708195,-0.000362054655102581,-2.61498274714838e-05,6.21586078548433e-05,-5.78891763182746e-05,-0.000110971367205413,0.000179219806796755,-0.00015002755943043,1.43136635500709e-05,0.000260320900596247,-6.95117320560409e-05,5.04003948713436e-05,-0.000204707849183892,0.00017449155066622,2.91181123725035e-05,-8.90910067604557e-05,-0.000193514665868809,-0.000635029101355954,-0.000223535684014497,0.000119983349832225,-4.54249165165777e-05,2.21968327424569e-05,-4.19559072147034e-05,-5.31082534480779e-05,-4.82099389982568e-05,1.13031473695475e-06,8.48510088555931e-06,-2.34072949464088e-05,-7.70731482350208e-05,-3.84909869777733e-05,-7.52179051361699e-05,0.000111541343806807,0.000182974117929955,-4.31394272901602e-06,0.000417803907563156,-0.02012454153775
"kabwe","beta23",-0.000322914570783448,-1.6669604513053e-05,-5.69351921203129e-05,0.000153680110434698,6.49375290768189e-05,2.4222742122936e-06,-9.38887722159051e-05,5.28958198577623e-06,5.96394713263187e-05,-0.00013821736216152,-5.32204203203418e-05,0.000181121202400141,-0.000860711202142167,0.00010040324525836,-9.98750543081915e-05,-0.000362054655102581,0.000595573440870888,-0.000201618200125386,1.05625908722656e-05,6.0338467446207e-05,9.95796788426571e-05,-0.000123968000344503,0.000121357795502826,-5.10201533922554e-05,-0.000304153134035564,-1.58675947514393e-05,0.000110694376744115,6.07821720652041e-05,9.28139379923629e-06,5.91002623170167e-05,-0.000179342660659562,-2.02195075121106e-05,-4.62661977527139e-06,9.51533263917348e-05,-1.40092906768017e-05,6.25450690860255e-05,3.71543445879853e-05,7.23757776737615e-05,7.9664766926753e-05,4.68008040379301e-05,-9.01968009002037e-05,-6.33936139634951e-05,-1.49188154570012e-05,5.25470459382941e-05,-2.23004405859143e-05,6.02884149419997e-05,-6.6510136413919e-05,-0.000162861383907932,8.53081950504533e-07,-0.000140660666734313,-0.113578688051218
"kabwe","beta24",1.39463842585641e-05,-2.50617259492415e-05,3.41782586368368e-05,1.04210837639364e-05,-3.1702868278038e-05,-4.74373503646076e-05,1.31356910358037e-05,-4.47330952415553e-06,5.38227032107547e-05,5.21585439681929e-05,5.00750700588097e-05,-0.000106809033715535,0.000449612959870806,2.18075729365233e-06,5.61911127199086e-05,-2.61498274714838e-05,-0.000201618200125386,0.000300463926164341,-0.000102732511270829,-3.20050558644053e-05,2.89108486716713e-06,3.19013984028139e-05,7.44962760126858e-05,-1.678800332557e-05,6.92884292698051e-05,7.74474013722989e-05,-0.000126871243420506,8.66296138872673e-05,1.90808381983119e-05,-6.2447427206596e-05,0.000119186172939564,0.00021945727080092,0.000293964081259408,5.80487896273018e-05,-4.85270147349842e-05,3.34365873015983e-05,-4.43669543818914e-05,3.84176017829733e-05,-3.5801769935556e-05,-5.0932115815314e-05,6.46307464891228e-05,5.88685830378194e-05,8.92562271976172e-05,6.56832686696771e-05,0.000103760467851316,3.65347482550384e-05,-3.28730945161375e-05,-3.20121560587867e-05,-6.91098812450945e-05,-0.000294617718224578,-0.00294694964395285
"kabwe","beta25",0.00020826860164248,-1.89218893455479e-06,-3.1908059920277e-05,-2.07610690827528e-05,-1.60175271452637e-05,6.85134730171736e-05,4.34218060069212e-05,1.0710733718394e-05,-6.62031569915323e-05,-7.74472902754819e-06,1.88051402582853e-06,-3.01799754101095e-05,-0.000355068938267005,-2.75293492628313e-05,3.04572276125761e-05,6.21586078548433e-05,1.05625908722656e-05,-0.000102732511270829,0.000196001424697838,-6.04597195215071e-05,-8.05350381689698e-05,4.58421856308585e-05,-5.63447770187675e-05,2.15848782050149e-05,-3.10736699634874e-05,-4.23125047080365e-06,0.00013618851116225,-9.18578744180644e-05,-1.58218906342963e-05,0.000162368235564238,2.99897114431589e-05,-0.000134868988690215,-0.000102287356021393,-4.19040708110427e-05,3.67400625672985e-05,3.95779752133387e-05,3.66399882117e-05,-7.50249174321283e-06,-2.6403245196803e-05,3.04263170310917e-06,-1.93859425485009e-05,-3.96247973004108e-05,1.78077564336938e-05,1.09611229187563e-05,2.39290612971651e-06,-1.04372438256696e-05,-1.80393435258072e-05,-3.42083555927906e-05,-2.46586848095936e-05,-0.000715465900846673,-0.0193036696044038
"kabwe","beta26",1.67008758511e-05,-1.46787325021704e-05,5.62426795420156e-06,-1.29827424440014e-05,-6.0524400239367e-06,5.02529930828829e-05,2.53729422467143e-05,-1.69144210187828e-06,-3.81074561512268e-05,-1.91483975308168e-05,-3.95372027928478e-05,-4.08273546282694e-06,-0.000336977941359771,3.45615178761107e-05,1.57079767874262e-06,-5.78891763182746e-05,6.0338467446207e-05,-3.20050558644053e-05,-6.04597195215071e-05,0.000183661777974385,-0.000139776513769335,-4.27988248496846e-05,-4.98481330394631e-05,-5.63170092036281e-05,3.95932640202625e-05,2.2634703039719e-05,4.49023334424251e-05,-5.10966842748521e-05,3.64446090102203e-07,5.40567414607132e-05,-1.95711548473252e-05,-8.19136956470742e-05,-0.000163629350153455,3.14452819302536e-05,3.10609672788231e-05,-2.24903266769778e-05,-2.05148172016304e-05,-3.91544855434629e-06,5.31449096801238e-05,2.76741554656396e-05,2.83060930163808e-05,-2.54770968383044e-06,-4.93325690261667e-05,-5.22577470403381e-06,-5.96484720963866e-06,2.14780002092877e-05,-1.92974330240479e-05,2.46473253916416e-05,2.48695603648264e-05,7.45242943891414e-05,-0.00621452718117555
"kabwe","beta27",-0.00070354104615448,3.91438594214598e-05,-1.96298587934754e-05,6.53712411244115e-05,5.67118798708222e-05,-0.0001025619113296,-9.9410455850335e-05,-4.25857393949853e-06,8.36765855254176e-05,5.47883762268594e-05,4.45831114167041e-05,7.49009198997763e-05,0.000673188030631307,-5.13036786412137e-05,-5.11702316571789e-05,-0.000110971367205413,9.95796788426571e-05,2.89108486716713e-06,-8.05350381689698e-05,-0.000139776513769335,0.000588753942627962,-0.000251250107908749,-4.45427422300366e-05,3.05894393600395e-05,-0.00016493897937849,-7.69522812573934e-05,-0.000156143842089998,0.000208790034912673,-2.90922857570472e-05,-0.00012044122700701,-0.000259688687260905,0.000245237287158512,0.00027981194812117,7.0694498753754e-05,-0.00010929100844784,6.40795427697389e-05,1.88233741205574e-05,-4.81271807226844e-06,-8.11328956059552e-05,-5.93013749834471e-05,-4.48191504210118e-05,6.7199147573876e-05,-1.23868725262118e-05,-5.79681054095175e-05,-7.24417421951294e-05,-3.18284320175831e-05,1.82668222967072e-05,-0.000133633750861428,0.000128825042519427,-0.000440346513787559,0.0147911543436461
"kabwe","beta28",9.33980313349622e-05,4.39985614542857e-05,-4.02537602249371e-05,-1.64142619285165e-05,2.50064289759809e-06,-5.71532827132298e-05,0.000135390543638395,-3.23325722676483e-05,-5.95538383960502e-06,-0.000104707094615807,1.40555313750917e-05,1.7209617681214e-05,-0.000467949310425686,3.83709241528292e-05,-7.66394356956683e-06,0.000179219806796755,-0.000123968000344503,3.19013984028139e-05,4.58421856308585e-05,-4.27988248496846e-05,-0.000251250107908749,0.000732048823861328,-0.000373502464359644,4.67320014470156e-05,0.000159897437313283,-3.4197600801313e-06,-8.38096761233592e-05,4.37580400449544e-05,0.000100164919072928,-0.00027479358872581,0.00039006485517625,-0.000203679528693314,-0.000106233274742067,-6.28108744692687e-05,-1.21199172093994e-05,2.2686635339104e-05,1.60960133539691e-05,3.63366044187335e-05,1.71603571725323e-05,-4.46796117887034e-06,6.69923116167096e-05,1.24718105438709e-05,-4.53715191907798e-06,0.000104513404186543,0.000113021493568517,6.15469148554503e-06,3.86847038473045e-05,3.6234268198226e-05,5.11467628692613e-05,0.00129479155392816,0.0166431226913678
"kabwe","beta29",0.00029549810410709,-3.66470632096939e-05,-5.87431835662605e-05,0.000106281597164956,4.21379716660362e-05,-3.84226887410676e-05,-8.79087079883204e-05,-8.00683099242124e-05,0.000153296888668672,6.55805065210614e-05,1.31644720924113e-05,8.13415584429869e-06,0.00225448803645386,3.01990400030958e-05,5.53782168115183e-05,-0.00015002755943043,0.000121357795502826,7.44962760126858e-05,-5.63447770187675e-05,-4.98481330394631e-05,-4.45427422300366e-05,-0.000373502464359644,0.00116971881699554,0.000123407038814058,-0.000521108683344823,-1.57006215673197e-05,-3.30304077167106e-05,9.16309965329903e-05,6.87849371211605e-05,-0.000115000890809598,-8.97948908057883e-05,0.000376476079389352,0.000777542926456588,7.88842611016093e-05,-3.48148587908283e-05,-8.35650680124033e-05,-5.58233932890527e-05,-1.32293632041438e-05,-5.89134797749093e-06,5.39744273286112e-06,-0.00010725680067332,-1.87794082423124e-05,0.000103584470973872,7.10914807524347e-05,-2.52348465297521e-05,8.35045253656825e-06,-0.000143197635240536,-4.32865275958657e-05,-0.000274692117960507,0.000775878779773317,0.00650603466465517
"kabwe","beta3",-6.21969029313533e-05,1.30648689988782e-05,9.25162592627721e-06,-3.5576449404225e-06,5.85875394565395e-06,-4.05591970362747e-05,1.16308080636285e-05,-3.74197563701072e-05,5.12876805023667e-05,-1.48325038695301e-05,3.79830744056286e-05,1.62621352371203e-05,0.00150503106240098,-3.64152466447408e-05,7.91950302421408e-05,1.43136635500709e-05,-5.10201533922554e-05,-1.678800332557e-05,2.15848782050149e-05,-5.63170092036281e-05,3.05894393600395e-05,4.67320014470156e-05,0.000123407038814058,0.000456878924262068,-2.9974708567154e-05,-2.76786203604417e-05,-0.000119184806473449,8.88683394715915e-05,-2.69977598786914e-05,-7.15332018500204e-05,7.01452475891572e-05,4.08320888681098e-05,0.000350215785257951,2.28290842902184e-05,-0.000108470582315357,-2.76802957218325e-05,-2.27491705717767e-05,-4.66525506045082e-05,4.92196442267333e-05,-1.28970529716682e-06,-2.45920320673872e-05,9.55483031199779e-06,2.70512548770698e-06,-1.64735598462993e-05,-0.000140486009052419,-4.29197366559731e-05,-3.90071947684011e-05,-2.85012586787455e-05,-4.81378126689375e-06,0.000683106172875744,0.121859348799834
"kabwe","beta30",-0.000204618270878909,2.80692879794566e-05,0.000118752904475051,-0.000107167887523068,-2.63302015106492e-05,-0.000125589644898766,2.82364901790087e-05,0.000128976759216353,-0.000160690068045766,-3.59095294707124e-05,1.41738732847989e-05,1.68731152563775e-05,-0.00179869912704556,3.24980036443222e-05,-8.65326247017931e-05,0.000260320900596247,-0.000304153134035564,6.92884292698051e-05,-3.10736699634874e-05,3.95932640202625e-05,-0.00016493897937849,0.000159897437313283,-0.000521108683344823,-2.9974708567154e-05,0.00121868912332751,-0.000379938463656249,-1.33043310991693e-05,-1.93541981368784e-05,-3.77140405519545e-05,-0.000215850674797533,0.000293054857180261,-0.000150918993659637,-0.000541335706649435,-0.000113312608880163,4.96475725723931e-05,2.15901248615371e-05,2.07285042694326e-05,8.92701285082494e-05,1.54118882499204e-05,-3.60196586002185e-06,0.0002831292417637,-6.75765803961436e-05,-1.86813285755882e-05,-3.79319958354717e-05,-0.000122123612613586,5.44358163358627e-05,0.000150064720867432,0.000418993703563678,7.5442801127529e-05,0.000684317231575504,0.0469175741975523
"kabwe","beta31",0.000193418000635146,-3.87336546200713e-05,1.62965239156913e-05,-1.34346505124311e-05,-3.94720595147852e-05,7.76978911477328e-05,1.90617378866607e-05,1.42545160331846e-05,5.09036208035011e-05,2.68516043195937e-05,-4.77666630129566e-05,-7.88114634835466e-05,0.000411087365038919,-1.61153315037861e-05,4.78262509897504e-05,-6.95117320560409e-05,-1.58675947514393e-05,7.74474013722989e-05,-4.23125047080365e-06,2.2634703039719e-05,-7.69522812573934e-05,-3.4197600801313e-06,-1.57006215673197e-05,-2.76786203604417e-05,-0.000379938463656249,0.000688825802061593,-0.000261402675684955,-2.53139932648676e-05,6.90503624481175e-05,9.88658406045664e-05,1.86730208099108e-05,8.86474595863394e-05,0.000145901705584243,0.000106552755092712,2.27051598038087e-05,-3.9547408199209e-05,-4.50149406568249e-05,-3.90412268539514e-05,-4.49665853446948e-05,-1.29924530898799e-05,-6.26890976584622e-05,4.52369067727167e-05,3.6436658591426e-05,3.5668682265502e-06,9.86172366331206e-05,1.73407968573886e-05,-8.24478570988282e-05,-0.000159268007180462,-6.20434372670866e-05,-3.87292949847581e-05,-0.0164714131777078
"kabwe","beta32",0.000509567577732205,-6.05928893711273e-05,-5.36313660226287e-05,-7.7341836153249e-05,-3.45548843435455e-05,0.000146229815354086,-1.33621051724082e-05,3.17743728790862e-05,-6.79733820423394e-05,-6.28202231143105e-05,7.55476770797891e-06,-3.41839866863744e-05,-0.00175141003816138,2.3450364344509e-05,-3.09704820114388e-05,5.04003948713436e-05,0.000110694376744115,-0.000126871243420506,0.00013618851116225,4.49023334424251e-05,-0.000156143842089998,-8.38096761233592e-05,-3.30304077167106e-05,-0.000119184806473449,-1.33043310991693e-05,-0.000261402675684955,0.000893775708131014,-0.000510357185453755,-0.00025749148910388,0.000544692258115774,7.00601005401788e-05,-0.000330637057284472,-0.000575992867614098,-0.000201877341816474,0.000137189724693267,-6.01851678531884e-06,4.99703345221424e-05,2.42288829219138e-05,4.23405440155825e-05,5.69802783515366e-06,-7.19990922369981e-05,-6.31134877826112e-05,1.1550537720429e-05,-1.51069996283053e-05,-4.51980172954712e-05,-3.61900845904883e-05,7.12029046000669e-05,0.000100148714320771,-1.75674843991112e-05,-0.00216288000202675,-0.147176909789557
"kabwe","beta33",-0.000896946093001241,5.37321746902274e-05,3.83202679932748e-06,0.000133655737192364,4.86664147756433e-05,-0.000170272653925664,-3.186543150578e-05,-9.26473052635665e-05,0.000132621603669249,2.15120999653965e-05,3.67336713872455e-05,6.00451912442246e-05,0.0016159359442704,5.30616145152366e-05,3.60644476563735e-05,-0.000204707849183892,6.07821720652041e-05,8.66296138872673e-05,-9.18578744180644e-05,-5.10966842748521e-05,0.000208790034912673,4.37580400449544e-05,9.16309965329903e-05,8.88683394715915e-05,-1.93541981368784e-05,-2.53139932648676e-05,-0.000510357185453755,0.00073987379831493,-0.000241036989753955,-0.000312898250850129,2.54009541658025e-05,0.000187877266396301,0.000592788247713463,0.000177057372725631,-0.000176498178010588,8.43531549204325e-05,2.17317082690678e-05,2.65430458676135e-05,-7.65293917874489e-05,6.43484070947418e-05,2.37976091892063e-05,5.64274715605697e-05,-3.91568073604453e-05,2.97182703177137e-05,6.70600550511155e-06,2.98137887802414e-05,-4.81647744199644e-05,-8.54417655554253e-05,5.10252631621676e-05,0.001391968728853,0.0753789410818997
"kabwe","beta34",0.000353684037538792,2.43179334443077e-05,-1.30940473350361e-06,4.93599141474371e-05,6.26239887355371e-05,1.29984946719243e-05,1.99690113570895e-05,-9.5987207131339e-06,2.7161792365424e-05,-0.000133627348977901,-7.74055103036086e-05,0.000124816724984932,-0.000772523675646285,7.7761905519219e-05,-0.000148918608878289,0.00017449155066622,9.28139379923629e-06,1.90808381983119e-05,-1.58218906342963e-05,3.64446090102203e-07,-2.90922857570472e-05,0.000100164919072928,6.87849371211605e-05,-2.69977598786914e-05,-3.77140405519545e-05,6.90503624481175e-05,-0.00025749148910388,-0.000241036989753955,0.00108746352118109,-0.000773362841916317,-1.20952725987831e-05,0.000199187212446629,8.42878308664519e-07,-7.6477244211951e-07,-9.02102071258289e-06,7.00945401981552e-05,5.69434672705818e-05,0.000152431614925966,8.52321330367702e-05,-0.000143635605634684,-2.88440159231434e-05,-7.14131855864907e-06,5.69965842422224e-05,3.85385036762464e-05,6.95446221979413e-05,3.45564807360976e-05,-3.63130289916836e-05,-4.42002194418888e-05,-2.72957177613154e-05,0.00256529680379784,0.00167549218657195
"kabwe","beta35",0.00137631240772743,-0.000115992780607215,-5.80089638861765e-05,-0.000110833810454618,-0.000166231898550356,0.000222611563721702,4.21793557079531e-05,0.000107718962068271,-0.00019787920385325,0.000144425995322977,5.40940050316318e-05,-0.000189465861161191,-0.000606918694001128,-0.000223207126977024,9.73010086644084e-05,2.91181123725035e-05,5.91002623170167e-05,-6.2447427206596e-05,0.000162368235564238,5.40567414607132e-05,-0.00012044122700701,-0.00027479358872581,-0.000115000890809598,-7.15332018500204e-05,-0.000215850674797533,9.88658406045664e-05,0.000544692258115774,-0.000312898250850129,-0.000773362841916317,0.00157620708113606,-0.000430360370594404,-0.000272767119268492,-0.000405315754836596,-6.47257459538338e-05,0.000152681588144567,1.32894091653522e-05,-0.000135565858489018,-0.000227064216533349,-1.04995273884143e-05,6.99359157228713e-05,-3.72264779443102e-05,-1.65869752203842e-05,-4.44833407749251e-05,-8.82898368978769e-06,-7.5783954065653e-06,-3.34362841446275e-05,-3.18519290977938e-05,-0.000148786861468985,-5.81599661459053e-05,-0.00528899004867955,-0.145794552374097
"kabwe","beta36",-0.000161443722577335,4.48901537496929e-05,6.03335519779711e-05,-7.29808047751897e-05,-4.20248123845719e-05,-1.22213843101257e-05,2.10164945331516e-05,-2.44833248137354e-05,-2.24540380125572e-05,-0.000117566034104448,8.04404511646286e-05,-1.29740115573663e-05,0.000734137842467212,3.46882054695306e-05,0.000153710969127157,-8.90910067604557e-05,-0.000179342660659562,0.000119186172939564,2.99897114431589e-05,-1.95711548473252e-05,-0.000259688687260905,0.00039006485517625,-8.97948908057883e-05,7.01452475891572e-05,0.000293054857180261,1.86730208099108e-05,7.00601005401788e-05,2.54009541658025e-05,-1.20952725987831e-05,-0.000430360370594404,0.00138139114642663,-0.000128711714153679,-2.80878407890695e-05,-0.000108592475260358,-6.71251728821484e-06,-3.82214343992532e-05,-1.13953802065741e-05,6.37172569378382e-05,5.15519233492977e-06,-6.34269340738519e-05,8.18494409072562e-05,3.76277204124608e-05,0.000198854273237848,3.59901790747642e-05,-4.02530209408517e-05,7.04662007526287e-05,8.60766112748821e-05,0.000178759215610253,7.15104503406526e-05,-0.00052872685263623,0.145187133701385
"kabwe","beta37",-0.000375535051191769,1.31254582952918e-05,7.5261615349894e-05,4.25577860234975e-05,5.44662901488594e-05,-5.61721206550169e-05,-5.82359109196519e-05,-1.31755994997072e-05,4.33833731733464e-05,0.000144372996639783,2.55031445721984e-05,-4.57507149635404e-05,0.00231086597526571,-6.42816677002212e-05,7.95196114306497e-05,-0.000193514665868809,-2.02195075121106e-05,0.00021945727080092,-0.000134868988690215,-8.19136956470742e-05,0.000245237287158512,-0.000203679528693314,0.000376476079389352,4.08320888681098e-05,-0.000150918993659637,8.86474595863394e-05,-0.000330637057284472,0.000187877266396301,0.000199187212446629,-0.000272767119268492,-0.000128711714153679,0.00127873864617658,0.000571704952661685,0.000120462477815706,-0.000108048297609596,5.96779125590555e-05,-3.94052980615149e-06,1.30456649432373e-05,-8.27317645105985e-06,-0.000150183706796027,2.3925776950169e-06,8.4986999856465e-05,2.98071640342717e-05,9.52422238395351e-05,4.23382675279561e-05,8.66660645172477e-05,-0.000142433087262495,-0.000200182470574206,-0.000180185542430294,-6.74054049473391e-06,0.0837104218314563
"kabwe","beta38",-0.000931320069365656,-3.06659002626923e-05,-6.82085390174425e-05,0.000204093757479996,0.000114307527432396,-0.000149692949182983,-0.000144037268245284,-0.00020197601610032,0.000444046472276292,0.000159252906295981,0.000161809391979097,-0.000190971361180609,0.00690098511087753,-1.46535393946396e-05,0.000478804573859193,-0.000635029101355954,-4.62661977527139e-06,0.000293964081259408,-0.000102287356021393,-0.000163629350153455,0.00027981194812117,-0.000106233274742067,0.000777542926456588,0.000350215785257951,-0.000541335706649435,0.000145901705584243,-0.000575992867614098,0.000592788247713463,8.42878308664519e-07,-0.000405315754836596,-2.80878407890695e-05,0.000571704952661685,0.00310504695283354,0.00024853045641939,-0.000353583756139709,9.77716721907119e-06,-8.15810340044501e-05,5.08304653847787e-05,-6.15039154192927e-05,-0.000107618358183859,2.88821249159488e-05,0.000147659745055156,5.06194612956848e-05,0.000190767669044228,1.71310998760489e-05,-3.1113522905098e-05,-0.000314506206824203,-0.00037183304321261,-0.000198566728641896,0.0027893147479402,0.181198387113465
"kabwe","beta39",-0.000358588927011851,-6.29958027410009e-06,-1.86895909817433e-05,6.44097210632062e-05,3.75881561413105e-05,-5.80129375650964e-05,-5.41310530687133e-05,-1.93430919776165e-05,0.000104661732986616,-3.65227025084444e-05,8.1802097443989e-05,-5.07669613697886e-05,0.000820038964523324,3.33630646818163e-05,6.45840717716411e-05,-0.000223535684014497,9.51533263917348e-05,5.80487896273018e-05,-4.19040708110427e-05,3.14452819302536e-05,7.0694498753754e-05,-6.28108744692687e-05,7.88842611016093e-05,2.28290842902184e-05,-0.000113312608880163,0.000106552755092712,-0.000201877341816474,0.000177057372725631,-7.6477244211951e-07,-6.47257459538338e-05,-0.000108592475260358,0.000120462477815706,0.00024853045641939,0.000841370179378503,-6.05636927785521e-05,-4.80034610879676e-05,-5.42532365414992e-05,-4.39709771711926e-05,6.25000441058535e-05,5.66967063688486e-05,-1.75700490869199e-05,3.07291277003161e-05,-1.84895961141797e-05,-2.70479155027532e-05,6.85599239906597e-06,3.37562700784615e-05,-3.70623166648861e-05,-0.000155351768152049,1.00373406208946e-06,3.98646470820534e-05,0.0064888924919
"kabwe","beta4",0.00027782850015869,-9.35002293469418e-06,-2.61063986195451e-05,-6.74787017038008e-05,-1.63504278331595e-05,8.26058626030099e-05,3.49643047890732e-05,3.29372640340533e-05,-6.82160169753885e-05,-3.37908291703527e-05,-3.8212478209668e-05,1.5544025493371e-05,-0.000979703442099485,-3.00129450749932e-05,-4.49698366603328e-05,0.000119983349832225,-1.40092906768017e-05,-4.85270147349842e-05,3.67400625672985e-05,3.10609672788231e-05,-0.00010929100844784,-1.21199172093994e-05,-3.48148587908283e-05,-0.000108470582315357,4.96475725723931e-05,2.27051598038087e-05,0.000137189724693267,-0.000176498178010588,-9.02102071258289e-06,0.000152681588144567,-6.71251728821484e-06,-0.000108048297609596,-0.000353583756139709,-6.05636927785521e-05,0.000410809193143697,2.79941404397798e-05,2.99357414601997e-05,-9.57972537151744e-06,1.42729844851603e-05,-9.24494888719416e-06,-2.65332018318006e-05,-2.33707544324088e-05,1.05727014164654e-05,-4.06105699186715e-05,-7.95702501390232e-05,-5.37109515025313e-05,-4.51299501515181e-05,0.000109802006460555,1.82686181777585e-05,-0.000294145885008716,-0.0101021232324216
